set nodes := 0 1 2 3 4 5 6 7 8 9 10 11 12 13 14 15 16 17 18 19 20 21 22 23 24 25 26 27 28 29 30 31 32 33 34 35 36 37 38 39 40 41 42 43 44 45 46 47 48 49 50 51 ;

param start_node := 0 ;

param end_node := 51 ;

param max_capacity := 57.5 ;

param min_capacity := 2.875 ;

param start_capacity := 57.5 ;

param car_efficiency := 0.1513157894736842 ;

param max_charge_time := 0.75 ;

param min_charge_time := 0.25 ;

param charger_power :=
0 0
1 50.0
2 50.0
3 50.0
4 50.0
5 95.0
6 50.0
7 95.0
8 95.0
9 11.0
10 95.0
11 95.0
12 95.0
13 11.0
14 95.0
15 11.0
16 11.0
17 11.0
18 95.0
19 50.0
20 95.0
21 11.0
22 11.0
23 11.0
24 11.0
25 50.0
26 11.0
27 50.0
28 50.0
29 50.0
30 50.0
31 50.0
32 50.0
33 50.0
34 50.0
35 50.0
36 50.0
37 50.0
38 50.0
39 11.0
40 11.0
41 50.0
42 50.0
43 11.0
44 11.0
45 50.0
46 50.0
47 11.0
48 11.0
49 50.0
50 11.0
51 0
;

param arc_time :=
0 0 -1
0 1 -1
0 2 -1
0 3 -1
0 4 -1
0 5 1.3936116666666665
0 6 0.23722166666666666
0 7 0.23
0 8 0.24277833333333335
0 9 1.1627783333333332
0 10 1.175
0 11 1.9547216666666667
0 12 -1
0 13 -1
0 14 -1
0 15 1.1761116666666667
0 16 1.289445
0 17 1.3680549999999998
0 18 -1
0 19 0.20944500000000002
0 20 -1
0 21 -1
0 22 -1
0 23 -1
0 24 -1
0 25 -1
0 26 -1
0 27 -1
0 28 -1
0 29 -1
0 30 -1
0 31 -1
0 32 -1
0 33 -1
0 34 -1
0 35 -1
0 36 -1
0 37 -1
0 38 -1
0 39 -1
0 40 -1
0 41 -1
0 42 -1
0 43 -1
0 44 -1
0 45 -1
0 46 -1
0 47 -1
0 48 -1
0 49 -1
0 50 -1
0 51 -1
1 0 -1
1 1 -1
1 2 0.42805499999999996
1 3 0.4388883333333334
1 4 0.39499999999999996
1 5 1.004445
1 6 -1
1 7 -1
1 8 -1
1 9 1.2147216666666667
1 10 1.1133333333333333
1 11 0.38027833333333333
1 12 0.5608333333333333
1 13 -1
1 14 -1
1 15 1.215
1 16 1.1511116666666665
1 17 1.2286116666666667
1 18 -1
1 19 -1
1 20 -1
1 21 -1
1 22 -1
1 23 -1
1 24 -1
1 25 -1
1 26 -1
1 27 -1
1 28 -1
1 29 -1
1 30 -1
1 31 -1
1 32 -1
1 33 -1
1 34 -1
1 35 -1
1 36 -1
1 37 -1
1 38 -1
1 39 -1
1 40 -1
1 41 -1
1 42 -1
1 43 -1
1 44 -1
1 45 -1
1 46 -1
1 47 -1
1 48 -1
1 49 -1
1 50 -1
1 51 -1
2 0 -1
2 1 0.28583333333333333
2 2 -1
2 3 0.04527833333333333
2 4 0.4077783333333333
2 5 0.9386116666666666
2 6 1.9427783333333333
2 7 1.979445
2 8 -1
2 9 1.1486116666666668
2 10 1.0475
2 11 0.31444500000000003
2 12 0.25777833333333333
2 13 -1
2 14 -1
2 15 1.1491666666666667
2 16 1.0852783333333333
2 17 1.1627783333333332
2 18 -1
2 19 -1
2 20 -1
2 21 -1
2 22 -1
2 23 -1
2 24 -1
2 25 -1
2 26 -1
2 27 -1
2 28 -1
2 29 -1
2 30 -1
2 31 -1
2 32 -1
2 33 -1
2 34 -1
2 35 -1
2 36 -1
2 37 -1
2 38 -1
2 39 -1
2 40 -1
2 41 -1
2 42 -1
2 43 -1
2 44 -1
2 45 -1
2 46 -1
2 47 -1
2 48 -1
2 49 -1
2 50 -1
2 51 -1
3 0 -1
3 1 0.3027783333333333
3 2 0.03361166666666667
3 3 -1
3 4 0.3736116666666666
3 5 0.9552783333333333
3 6 1.9594449999999999
3 7 1.9961116666666667
3 8 -1
3 9 1.1655550000000001
3 10 1.0641666666666667
3 11 0.3311116666666667
3 12 0.27472166666666664
3 13 -1
3 14 -1
3 15 1.1658333333333333
3 16 1.101945
3 17 1.179445
3 18 -1
3 19 -1
3 20 -1
3 21 -1
3 22 -1
3 23 -1
3 24 -1
3 25 -1
3 26 -1
3 27 -1
3 28 -1
3 29 -1
3 30 -1
3 31 -1
3 32 -1
3 33 -1
3 34 -1
3 35 -1
3 36 -1
3 37 -1
3 38 -1
3 39 -1
3 40 -1
3 41 -1
3 42 -1
3 43 -1
3 44 -1
3 45 -1
3 46 -1
3 47 -1
3 48 -1
3 49 -1
3 50 -1
3 51 -1
4 0 -1
4 1 0.25916666666666666
4 2 0.379445
4 3 0.3766666666666667
4 4 -1
4 5 0.9261116666666667
4 6 1.9302783333333333
4 7 1.966945
4 8 -1
4 9 1.1361116666666669
4 10 1.035
4 11 0.266945
4 12 0.5122216666666667
4 13 -1
4 14 -1
4 15 1.1366666666666667
4 16 1.0725
4 17 1.1502783333333333
4 18 -1
4 19 -1
4 20 -1
4 21 -1
4 22 -1
4 23 -1
4 24 -1
4 25 -1
4 26 -1
4 27 -1
4 28 -1
4 29 -1
4 30 -1
4 31 -1
4 32 -1
4 33 -1
4 34 -1
4 35 -1
4 36 -1
4 37 -1
4 38 -1
4 39 -1
4 40 -1
4 41 -1
4 42 -1
4 43 -1
4 44 -1
4 45 -1
4 46 -1
4 47 -1
4 48 -1
4 49 -1
4 50 -1
4 51 -1
5 0 1.3352783333333333
5 1 0.8411116666666667
5 2 0.9072216666666667
5 3 0.9180550000000001
5 4 0.8561116666666667
5 5 -1
5 6 1.1811116666666666
5 7 1.2177783333333332
5 8 1.255
5 9 0.3872216666666667
5 10 0.28583333333333333
5 11 0.748055
5 12 1.04
5 13 -1
5 14 -1
5 15 0.3875
5 16 0.32361166666666663
5 17 0.4011116666666667
5 18 -1
5 19 1.3438883333333334
5 20 -1
5 21 -1
5 22 -1
5 23 -1
5 24 -1
5 25 -1
5 26 -1
5 27 -1
5 28 -1
5 29 -1
5 30 -1
5 31 -1
5 32 -1
5 33 -1
5 34 -1
5 35 -1
5 36 -1
5 37 -1
5 38 -1
5 39 -1
5 40 -1
5 41 -1
5 42 -1
5 43 -1
5 44 -1
5 45 -1
5 46 -1
5 47 -1
5 48 -1
5 49 -1
5 50 -1
5 51 -1
6 0 0.20305499999999999
6 1 1.875
6 2 1.9411116666666668
6 3 1.9519449999999998
6 4 1.8900000000000001
6 5 1.220555
6 6 -1
6 7 0.08583333333333334
6 8 0.08722166666666667
6 9 0.99
6 10 1.0022216666666666
6 11 1.7816666666666667
6 12 -1
6 13 -1
6 14 -1
6 15 1.003055
6 16 1.1166666666666667
6 17 1.195
6 18 -1
6 19 0.211945
6 20 -1
6 21 -1
6 22 -1
6 23 -1
6 24 -1
6 25 -1
6 26 -1
6 27 -1
6 28 -1
6 29 -1
6 30 -1
6 31 -1
6 32 -1
6 33 -1
6 34 -1
6 35 -1
6 36 -1
6 37 -1
6 38 -1
6 39 -1
6 40 -1
6 41 -1
6 42 -1
6 43 -1
6 44 -1
6 45 -1
6 46 -1
6 47 -1
6 48 -1
6 49 -1
6 50 -1
6 51 -1
7 0 0.16611166666666666
7 1 1.8825
7 2 1.9486116666666669
7 3 1.9594449999999999
7 4 1.8975
7 5 1.2283333333333333
7 6 0.071945
7 7 -1
7 8 0.14583333333333334
7 9 0.9975
7 10 1.0097216666666666
7 11 1.789445
7 12 -1
7 13 -1
7 14 -1
7 15 1.0108333333333333
7 16 1.1241666666666668
7 17 1.2027783333333335
7 18 -1
7 19 0.17472166666666666
7 20 -1
7 21 -1
7 22 -1
7 23 -1
7 24 -1
7 25 -1
7 26 -1
7 27 -1
7 28 -1
7 29 -1
7 30 -1
7 31 -1
7 32 -1
7 33 -1
7 34 -1
7 35 -1
7 36 -1
7 37 -1
7 38 -1
7 39 -1
7 40 -1
7 41 -1
7 42 -1
7 43 -1
7 44 -1
7 45 -1
7 46 -1
7 47 -1
7 48 -1
7 49 -1
7 50 -1
7 51 -1
8 0 0.26999999999999996
8 1 1.95
8 2 -1
8 3 -1
8 4 1.9647216666666667
8 5 1.295555
8 6 0.103055
8 7 0.16083333333333333
8 8 -1
8 9 1.0647216666666666
8 10 1.0769449999999998
8 11 1.8566666666666667
8 12 -1
8 13 -1
8 14 -1
8 15 1.078055
8 16 1.1913883333333333
8 17 1.27
8 18 -1
8 19 0.18972166666666668
8 20 -1
8 21 -1
8 22 -1
8 23 -1
8 24 -1
8 25 -1
8 26 -1
8 27 -1
8 28 -1
8 29 -1
8 30 -1
8 31 -1
8 32 -1
8 33 -1
8 34 -1
8 35 -1
8 36 -1
8 37 -1
8 38 -1
8 39 -1
8 40 -1
8 41 -1
8 42 -1
8 43 -1
8 44 -1
8 45 -1
8 46 -1
8 47 -1
8 48 -1
8 49 -1
8 50 -1
8 51 -1
9 0 1.1463883333333333
9 1 1.0630549999999999
9 2 1.1291666666666667
9 3 1.1400000000000001
9 4 1.078055
9 5 0.40861166666666665
9 6 0.9922216666666667
9 7 1.0288883333333334
9 8 1.0661116666666668
9 9 -1
9 10 0.16361166666666668
9 11 0.9700000000000001
9 12 1.261945
9 13 -1
9 14 -1
9 15 0.15361166666666665
9 16 0.278055
9 17 0.3563883333333333
9 18 -1
9 19 1.155
9 20 -1
9 21 -1
9 22 -1
9 23 -1
9 24 -1
9 25 -1
9 26 -1
9 27 -1
9 28 -1
9 29 -1
9 30 -1
9 31 -1
9 32 -1
9 33 -1
9 34 -1
9 35 -1
9 36 -1
9 37 -1
9 38 -1
9 39 -1
9 40 -1
9 41 -1
9 42 -1
9 43 -1
9 44 -1
9 45 -1
9 46 -1
9 47 -1
9 48 -1
9 49 -1
9 50 -1
9 51 -1
10 0 1.1363883333333333
10 1 0.9833333333333333
10 2 1.049445
10 3 1.0602783333333334
10 4 0.9983333333333333
10 5 0.32888833333333334
10 6 0.9825
10 7 1.0191666666666666
10 8 1.0561116666666668
10 9 0.159445
10 10 -1
10 11 0.89
10 12 1.1822216666666667
10 13 -1
10 14 -1
10 15 0.15972166666666665
10 16 0.18722166666666668
10 17 0.27666666666666667
10 18 -1
10 19 1.1452783333333334
10 20 -1
10 21 -1
10 22 -1
10 23 -1
10 24 -1
10 25 -1
10 26 -1
10 27 -1
10 28 -1
10 29 -1
10 30 -1
10 31 -1
10 32 -1
10 33 -1
10 34 -1
10 35 -1
10 36 -1
10 37 -1
10 38 -1
10 39 -1
10 40 -1
10 41 -1
10 42 -1
10 43 -1
10 44 -1
10 45 -1
10 46 -1
10 47 -1
10 48 -1
10 49 -1
10 50 -1
10 51 -1
11 0 1.9633333333333334
11 1 0.29777833333333337
11 2 0.36388833333333337
11 3 0.3747216666666667
11 4 0.255
11 5 0.8049999999999999
11 6 1.8091666666666666
11 7 1.8458333333333334
11 8 1.883055
11 9 1.0152783333333333
11 10 0.9138883333333333
11 11 -1
11 12 0.4966666666666667
11 13 -1
11 14 -1
11 15 1.015555
11 16 0.9516666666666667
11 17 1.0291666666666666
11 18 -1
11 19 1.971945
11 20 -1
11 21 -1
11 22 -1
11 23 -1
11 24 -1
11 25 -1
11 26 -1
11 27 -1
11 28 -1
11 29 -1
11 30 -1
11 31 -1
11 32 -1
11 33 -1
11 34 -1
11 35 -1
11 36 -1
11 37 -1
11 38 -1
11 39 -1
11 40 -1
11 41 -1
11 42 -1
11 43 -1
11 44 -1
11 45 -1
11 46 -1
11 47 -1
11 48 -1
11 49 -1
11 50 -1
11 51 -1
12 0 -1
12 1 0.448055
12 2 0.2761116666666667
12 3 0.286945
12 4 0.5466666666666666
12 5 1.1008333333333333
12 6 -1
12 7 -1
12 8 -1
12 9 1.3108333333333335
12 10 1.2097216666666666
12 11 0.4766666666666667
12 12 -1
12 13 -1
12 14 1.8686116666666666
12 15 1.3113883333333334
12 16 1.2474999999999998
12 17 1.325
12 18 1.830555
12 19 -1
12 20 -1
12 21 -1
12 22 -1
12 23 -1
12 24 -1
12 25 -1
12 26 -1
12 27 -1
12 28 -1
12 29 -1
12 30 -1
12 31 -1
12 32 -1
12 33 -1
12 34 -1
12 35 -1
12 36 -1
12 37 -1
12 38 -1
12 39 -1
12 40 -1
12 41 -1
12 42 -1
12 43 -1
12 44 -1
12 45 -1
12 46 -1
12 47 -1
12 48 -1
12 49 -1
12 50 -1
12 51 -1
13 0 -1
13 1 -1
13 2 -1
13 3 -1
13 4 -1
13 5 -1
13 6 -1
13 7 -1
13 8 -1
13 9 -1
13 10 -1
13 11 -1
13 12 -1
13 13 -1
13 14 0.4586116666666667
13 15 -1
13 16 -1
13 17 -1
13 18 0.4202783333333333
13 19 -1
13 20 0.5983333333333333
13 21 0.11833333333333333
13 22 0.11305499999999999
13 23 0.09083333333333334
13 24 0.130555
13 25 0.5127783333333333
13 26 0.48194499999999996
13 27 0.4188883333333333
13 28 0.390555
13 29 0.391945
13 30 0.37583333333333335
13 31 0.47833333333333333
13 32 0.46638833333333335
13 33 0.4738883333333333
13 34 0.46444500000000005
13 35 0.491945
13 36 0.51
13 37 0.5027783333333333
13 38 0.5613883333333334
13 39 0.48861166666666667
13 40 0.4858333333333333
13 41 0.41361166666666666
13 42 0.3425
13 43 0.22083333333333333
13 44 0.24361166666666667
13 45 0.10972166666666668
13 46 0.10166666666666666
13 47 0.12361166666666666
13 48 0.068055
13 49 0.12416666666666668
13 50 0.18166666666666667
13 51 0.375555
14 0 -1
14 1 -1
14 2 -1
14 3 -1
14 4 -1
14 5 -1
14 6 -1
14 7 -1
14 8 -1
14 9 -1
14 10 -1
14 11 -1
14 12 1.8591666666666666
14 13 0.4288883333333333
14 14 -1
14 15 -1
14 16 -1
14 17 -1
14 18 0.06416666666666666
14 19 -1
14 20 0.7263883333333333
14 21 0.468055
14 22 0.4608333333333333
14 23 0.39527833333333334
14 24 0.435
14 25 0.7447216666666667
14 26 0.7511116666666666
14 27 0.7102783333333333
14 28 0.6822216666666667
14 29 0.6836116666666666
14 30 0.6675
14 31 0.6961116666666667
14 32 0.6897216666666667
14 33 0.6936116666666667
14 34 0.6841666666666666
14 35 0.6758333333333333
14 36 0.6711116666666667
14 37 0.6602783333333334
14 38 0.684445
14 39 0.6141666666666666
14 40 0.6111116666666666
14 41 0.5391666666666667
14 42 0.5258333333333334
14 43 0.426945
14 44 0.501945
14 45 0.40249999999999997
14 46 0.3983333333333333
14 47 0.47138833333333335
14 48 0.43666666666666665
14 49 0.4233333333333333
14 50 0.48083333333333333
14 51 0.6672216666666666
15 0 1.1466666666666667
15 1 1.085
15 2 1.1511116666666665
15 3 1.161945
15 4 1.1
15 5 0.430555
15 6 0.9927783333333333
15 7 1.029445
15 8 1.0666666666666667
15 9 0.15916666666666668
15 10 0.185555
15 11 0.9916666666666667
15 12 1.2838883333333333
15 13 -1
15 14 -1
15 15 -1
15 16 0.215
15 17 0.3783333333333333
15 18 -1
15 19 1.1555549999999999
15 20 -1
15 21 -1
15 22 -1
15 23 -1
15 24 -1
15 25 -1
15 26 -1
15 27 -1
15 28 -1
15 29 -1
15 30 -1
15 31 -1
15 32 -1
15 33 -1
15 34 -1
15 35 -1
15 36 -1
15 37 -1
15 38 -1
15 39 -1
15 40 -1
15 41 -1
15 42 -1
15 43 -1
15 44 -1
15 45 -1
15 46 -1
15 47 -1
15 48 -1
15 49 -1
15 50 -1
15 51 -1
16 0 1.2461116666666667
16 1 1.0038883333333333
16 2 1.07
16 3 1.0808333333333333
16 4 1.0188883333333334
16 5 0.34972166666666665
16 6 1.091945
16 7 1.1286116666666668
16 8 1.1658333333333333
16 9 0.2688883333333333
16 10 0.16277833333333333
16 11 0.9108333333333333
16 12 1.2027783333333335
16 13 -1
16 14 -1
16 15 0.21416666666666667
16 16 -1
16 17 0.2891666666666667
16 18 -1
16 19 1.2547216666666665
16 20 -1
16 21 -1
16 22 -1
16 23 -1
16 24 -1
16 25 -1
16 26 -1
16 27 -1
16 28 -1
16 29 -1
16 30 -1
16 31 -1
16 32 -1
16 33 -1
16 34 -1
16 35 -1
16 36 -1
16 37 -1
16 38 -1
16 39 -1
16 40 -1
16 41 -1
16 42 -1
16 43 -1
16 44 -1
16 45 -1
16 46 -1
16 47 -1
16 48 -1
16 49 -1
16 50 -1
16 51 -1
17 0 1.358055
17 1 1.0925
17 2 1.1586116666666666
17 3 1.169445
17 4 1.1075000000000002
17 5 0.383055
17 6 1.2041666666666666
17 7 1.2408333333333335
17 8 1.2777783333333335
17 9 0.38527833333333333
17 10 0.2841666666666667
17 11 0.999445
17 12 1.2913883333333334
17 13 -1
17 14 -1
17 15 0.3858333333333333
17 16 0.31333333333333335
17 17 -1
17 18 -1
17 19 1.366945
17 20 -1
17 21 -1
17 22 -1
17 23 -1
17 24 -1
17 25 -1
17 26 -1
17 27 -1
17 28 -1
17 29 -1
17 30 -1
17 31 -1
17 32 -1
17 33 -1
17 34 -1
17 35 -1
17 36 -1
17 37 -1
17 38 -1
17 39 -1
17 40 -1
17 41 -1
17 42 -1
17 43 -1
17 44 -1
17 45 -1
17 46 -1
17 47 -1
17 48 -1
17 49 -1
17 50 -1
17 51 -1
18 0 -1
18 1 -1
18 2 -1
18 3 -1
18 4 -1
18 5 -1
18 6 -1
18 7 -1
18 8 -1
18 9 -1
18 10 -1
18 11 -1
18 12 1.8269449999999998
18 13 0.39666666666666667
18 14 0.068055
18 15 -1
18 16 -1
18 17 -1
18 18 -1
18 19 -1
18 20 0.6941666666666666
18 21 0.4358333333333333
18 22 0.42861166666666667
18 23 0.363055
18 24 0.4027783333333333
18 25 0.7125
18 26 0.7188883333333334
18 27 0.6780550000000001
18 28 0.65
18 29 0.6513883333333333
18 30 0.6352783333333334
18 31 0.6641666666666667
18 32 0.6575000000000001
18 33 0.6616666666666667
18 34 0.651945
18 35 0.6436116666666667
18 36 0.6388883333333334
18 37 0.628055
18 38 0.6522216666666666
18 39 0.5819449999999999
18 40 0.5788883333333333
18 41 0.506945
18 42 0.4938883333333333
18 43 0.39472166666666664
18 44 0.46972166666666665
18 45 0.3702783333333333
18 46 0.36611166666666667
18 47 0.4391666666666667
18 48 0.404445
18 49 0.39111166666666664
18 50 0.44861166666666663
18 51 0.635
19 0 0.22
19 1 -1
19 2 -1
19 3 -1
19 4 -1
19 5 1.3883333333333332
19 6 0.23222166666666666
19 7 0.22583333333333336
19 8 0.2011116666666667
19 9 1.1575
19 10 1.1697216666666668
19 11 1.949445
19 12 -1
19 13 -1
19 14 -1
19 15 1.1708333333333334
19 16 1.2841666666666667
19 17 1.3627783333333334
19 18 -1
19 19 -1
19 20 -1
19 21 -1
19 22 -1
19 23 -1
19 24 -1
19 25 -1
19 26 -1
19 27 -1
19 28 -1
19 29 -1
19 30 -1
19 31 -1
19 32 -1
19 33 -1
19 34 -1
19 35 -1
19 36 -1
19 37 -1
19 38 -1
19 39 -1
19 40 -1
19 41 -1
19 42 -1
19 43 -1
19 44 -1
19 45 -1
19 46 -1
19 47 -1
19 48 -1
19 49 -1
19 50 -1
19 51 -1
20 0 -1
20 1 -1
20 2 -1
20 3 -1
20 4 -1
20 5 -1
20 6 -1
20 7 -1
20 8 -1
20 9 -1
20 10 -1
20 11 -1
20 12 -1
20 13 0.41361166666666666
20 14 0.444445
20 15 -1
20 16 -1
20 17 -1
20 18 0.4063883333333333
20 19 -1
20 20 -1
20 21 0.3925
20 22 0.36222166666666666
20 23 0.3452783333333333
20 24 0.37583333333333335
20 25 0.6322216666666667
20 26 0.6013883333333333
20 27 0.5383333333333333
20 28 0.5102783333333334
20 29 0.5116666666666666
20 30 0.495555
20 31 0.5977783333333334
20 32 0.5858333333333333
20 33 0.5933333333333334
20 34 0.5838883333333332
20 35 0.5758333333333333
20 36 0.5747216666666667
20 37 0.5638883333333333
20 38 0.5411116666666668
20 39 0.4708333333333333
20 40 0.468055
20 41 0.3958333333333333
20 42 0.36861166666666667
20 43 0.4563883333333333
20 44 0.503055
20 45 0.3525
20 46 0.38833333333333336
20 47 0.3727783333333334
20 48 0.409445
20 49 0.4125
20 50 0.4411116666666667
20 51 0.4952783333333333
21 0 -1
21 1 -1
21 2 -1
21 3 -1
21 4 -1
21 5 -1
21 6 -1
21 7 -1
21 8 -1
21 9 -1
21 10 -1
21 11 -1
21 12 -1
21 13 0.13388833333333333
21 14 0.4827783333333333
21 15 -1
21 16 -1
21 17 -1
21 18 0.444445
21 19 -1
21 20 0.616945
21 21 -1
21 22 0.051666666666666666
21 23 0.16722166666666669
21 24 0.11222166666666666
21 25 0.4708333333333333
21 26 0.44
21 27 0.3766666666666667
21 28 0.34861166666666665
21 29 0.35
21 30 0.33388833333333334
21 31 0.4363883333333333
21 32 0.424445
21 33 0.43166666666666664
21 34 0.42222166666666666
21 35 0.45
21 36 0.468055
21 37 0.4608333333333333
21 38 0.5191666666666667
21 39 0.5072216666666667
21 40 0.504445
21 41 0.4097216666666667
21 42 0.29
21 43 0.23305499999999998
21 44 0.211945
21 45 0.20222166666666666
21 46 0.178055
21 47 0.058054999999999995
21 48 0.13416666666666668
21 49 0.04222166666666667
21 50 0.085555
21 51 0.30611166666666667
22 0 -1
22 1 -1
22 2 -1
22 3 -1
22 4 -1
22 5 -1
22 6 -1
22 7 -1
22 8 -1
22 9 -1
22 10 -1
22 11 -1
22 12 -1
22 13 0.10611166666666666
22 14 0.49222166666666667
22 15 -1
22 16 -1
22 17 -1
22 18 0.45388833333333334
22 19 -1
22 20 0.5950000000000001
22 21 0.030000000000000002
22 22 -1
22 23 0.13944499999999999
22 24 0.121945
22 25 0.4447216666666666
22 26 0.41388833333333336
22 27 0.35083333333333333
22 28 0.32277833333333333
22 29 0.32416666666666666
22 30 0.308055
22 31 0.41055499999999995
22 32 0.39861166666666664
22 33 0.4058333333333334
22 34 0.39638833333333334
22 35 0.42416666666666664
22 36 0.4422216666666667
22 37 0.435
22 38 0.49333333333333335
22 39 0.48527833333333337
22 40 0.4825
22 41 0.38777833333333334
22 42 0.27472166666666664
22 43 0.245
22 44 0.24222166666666667
22 45 0.16666666666666666
22 46 0.15027833333333335
22 47 0.03527833333333333
22 48 0.13583333333333333
22 49 0.0725
22 50 0.10388833333333333
22 51 0.3077783333333333
23 0 -1
23 1 -1
23 2 -1
23 3 -1
23 4 -1
23 5 -1
23 6 -1
23 7 -1
23 8 -1
23 9 -1
23 10 -1
23 11 -1
23 12 -1
23 13 0.14055499999999999
23 14 0.4325
23 15 -1
23 16 -1
23 17 -1
23 18 0.39416666666666667
23 19 -1
23 20 0.5075
23 21 0.19583333333333333
23 22 0.18916666666666665
23 23 -1
23 24 0.21277833333333335
23 25 0.5716666666666667
23 26 0.5408333333333334
23 27 0.4777783333333333
23 28 0.4497216666666667
23 29 0.4511116666666667
23 30 0.435
23 31 0.5375
23 32 0.525555
23 33 0.5327783333333334
23 34 0.5233333333333333
23 35 0.5027783333333333
23 36 0.5016666666666667
23 37 0.49083333333333334
23 38 0.468055
23 39 0.39777833333333334
23 40 0.39499999999999996
23 41 0.32277833333333333
23 42 0.3097216666666667
23 43 0.3175
23 44 0.3402783333333333
23 45 0.03777833333333334
23 46 0.09138833333333334
23 47 0.19944499999999998
23 48 0.17222166666666666
23 49 0.20972166666666667
23 50 0.269445
23 51 0.42833333333333334
24 0 -1
24 1 -1
24 2 -1
24 3 -1
24 4 -1
24 5 -1
24 6 -1
24 7 -1
24 8 -1
24 9 -1
24 10 -1
24 11 -1
24 12 -1
24 13 0.1
24 14 0.43222166666666667
24 15 -1
24 16 -1
24 17 -1
24 18 0.3938883333333333
24 19 -1
24 20 0.6216666666666666
24 21 0.11166666666666666
24 22 0.104445
24 23 0.1575
24 24 -1
24 25 0.47138833333333335
24 26 0.440555
24 27 0.3775
24 28 0.349445
24 29 0.35083333333333333
24 30 0.334445
24 31 0.436945
24 32 0.425
24 33 0.4325
24 34 0.42305499999999996
24 35 0.450555
24 36 0.4688883333333333
24 37 0.46138833333333334
24 38 0.52
24 39 0.511945
24 40 0.5088883333333334
24 41 0.4141666666666667
24 42 0.30111166666666667
24 43 0.20083333333333334
24 44 0.22361166666666668
24 45 0.1763883333333333
24 46 0.16833333333333333
24 47 0.115
24 48 0.08361166666666667
24 49 0.09083333333333334
24 50 0.16166666666666665
24 51 0.33416666666666667
25 0 -1
25 1 -1
25 2 -1
25 3 -1
25 4 -1
25 5 -1
25 6 -1
25 7 -1
25 8 -1
25 9 -1
25 10 -1
25 11 -1
25 12 -1
25 13 0.5136116666666667
25 14 0.748055
25 15 -1
25 16 -1
25 17 -1
25 18 0.7097216666666667
25 19 -1
25 20 0.6666666666666666
25 21 0.4925
25 22 0.46222166666666664
25 23 0.5491666666666667
25 24 0.475555
25 25 -1
25 26 0.10916666666666666
25 27 0.160555
25 28 0.1725
25 29 0.16888833333333333
25 30 0.18138833333333335
25 31 0.12833333333333333
25 32 0.13083333333333333
25 33 0.15972166666666665
25 34 0.15027833333333335
25 35 0.14166666666666666
25 36 0.17888833333333334
25 37 0.1716666666666667
25 38 0.20138833333333334
25 39 0.24888833333333332
25 40 0.30722166666666667
25 41 0.46166666666666667
25 42 0.5275
25 43 0.533055
25 44 0.41277833333333336
25 45 0.545555
25 46 0.5622216666666666
25 47 0.47277833333333336
25 48 0.509445
25 49 0.5122216666666667
25 50 0.5280549999999999
25 51 0.3336116666666667
26 0 -1
26 1 -1
26 2 -1
26 3 -1
26 4 -1
26 5 -1
26 6 -1
26 7 -1
26 8 -1
26 9 -1
26 10 -1
26 11 -1
26 12 -1
26 13 0.47972166666666666
26 14 0.7811116666666666
26 15 -1
26 16 -1
26 17 -1
26 18 0.7427783333333333
26 19 -1
26 20 0.7133333333333333
26 21 0.4586116666666667
26 22 0.42833333333333334
26 23 0.515
26 24 0.44166666666666665
26 25 0.068055
26 26 -1
26 27 0.12000000000000001
26 28 0.16833333333333333
26 29 0.16472166666666668
26 30 0.166945
26 31 0.175
26 32 0.17750000000000002
26 33 0.20638833333333334
26 34 0.196945
26 35 0.18833333333333335
26 36 0.225555
26 37 0.21833333333333332
26 38 0.248055
26 39 0.295555
26 40 0.3538883333333333
26 41 0.4597216666666667
26 42 0.49361166666666667
26 43 0.42638833333333337
26 44 0.30361166666666667
26 45 0.5116666666666666
26 46 0.5280549999999999
26 47 0.4386116666666667
26 48 0.47527833333333336
26 49 0.42638833333333337
26 50 0.4188883333333333
26 51 0.22444499999999998
27 0 -1
27 1 -1
27 2 -1
27 3 -1
27 4 -1
27 5 -1
27 6 -1
27 7 -1
27 8 -1
27 9 -1
27 10 -1
27 11 -1
27 12 -1
27 13 0.40361166666666665
27 14 0.7336116666666667
27 15 -1
27 16 -1
27 17 -1
27 18 0.695555
27 19 -1
27 20 0.7005549999999999
27 21 0.3825
27 22 0.35222166666666666
27 23 0.4391666666666667
27 24 0.36555499999999996
27 25 0.13416666666666668
27 26 0.10472166666666666
27 27 -1
27 28 0.0625
27 29 0.058888333333333334
27 30 0.07138833333333333
27 31 0.12583333333333332
27 32 0.13777833333333334
27 33 0.14638833333333334
27 34 0.13666666666666666
27 35 0.17555500000000002
27 36 0.21277833333333335
27 37 0.205555
27 38 0.23527833333333334
27 39 0.2827783333333333
27 40 0.34111166666666665
27 41 0.3836116666666667
27 42 0.41750000000000004
27 43 0.4702783333333333
27 44 0.3797216666666667
27 45 0.43555499999999997
27 46 0.45222166666666663
27 47 0.3627783333333333
27 48 0.399445
27 49 0.40222166666666664
27 50 0.4066666666666666
27 51 0.2863883333333333
28 0 -1
28 1 -1
28 2 -1
28 3 -1
28 4 -1
28 5 -1
28 6 -1
28 7 -1
28 8 -1
28 9 -1
28 10 -1
28 11 -1
28 12 -1
28 13 0.388055
28 14 0.718055
28 15 -1
28 16 -1
28 17 -1
28 18 0.6797216666666667
28 19 -1
28 20 0.6775
28 21 0.366945
28 22 0.33666666666666667
28 23 0.42361166666666666
28 24 0.35
28 25 0.15833333333333333
28 26 0.14444500000000002
28 27 0.045555
28 28 -1
28 29 0.01972166666666667
28 30 0.031945
28 31 0.15527833333333335
28 32 0.14333333333333334
28 33 0.15055500000000002
28 34 0.14111166666666666
28 35 0.16888833333333333
28 36 0.186945
28 37 0.17972166666666667
28 38 0.23805500000000002
28 39 0.2913883333333333
28 40 0.33944500000000005
28 41 0.368055
28 42 0.40194500000000005
28 43 0.4547216666666667
28 44 0.4033333333333333
28 45 0.42
28 46 0.4363883333333333
28 47 0.3472216666666667
28 48 0.3836116666666667
28 49 0.38666666666666666
28 50 0.39111166666666664
28 51 0.2708333333333333
29 0 -1
29 1 -1
29 2 -1
29 3 -1
29 4 -1
29 5 -1
29 6 -1
29 7 -1
29 8 -1
29 9 -1
29 10 -1
29 11 -1
29 12 -1
29 13 0.40222166666666664
29 14 0.7322216666666667
29 15 -1
29 16 -1
29 17 -1
29 18 0.6941666666666666
29 19 -1
29 20 0.6925
29 21 0.3811116666666667
29 22 0.35083333333333333
29 23 0.4377783333333333
29 24 0.364445
29 25 0.16388833333333333
29 26 0.13388833333333333
29 27 0.04083333333333334
29 28 0.012778333333333334
29 29 -1
29 30 0.023888333333333334
29 31 0.14861166666666667
29 32 0.13694499999999998
29 33 0.14416666666666667
29 34 0.13472166666666666
29 35 0.1625
29 36 0.180555
29 37 0.17333333333333334
29 38 0.23166666666666666
29 39 0.28500000000000003
29 40 0.333055
29 41 0.3822216666666666
29 42 0.41611166666666666
29 43 0.4688883333333333
29 44 0.41000000000000003
29 45 0.434445
29 46 0.45083333333333336
29 47 0.3613883333333333
29 48 0.398055
29 49 0.4011116666666667
29 50 0.39777833333333334
29 51 0.2777783333333333
30 0 -1
30 1 -1
30 2 -1
30 3 -1
30 4 -1
30 5 -1
30 6 -1
30 7 -1
30 8 -1
30 9 -1
30 10 -1
30 11 -1
30 12 -1
30 13 0.39305500000000004
30 14 0.723055
30 15 -1
30 16 -1
30 17 -1
30 18 0.685
30 19 -1
30 20 0.6833333333333333
30 21 0.371945
30 22 0.3416666666666667
30 23 0.42861166666666667
30 24 0.35500000000000004
30 25 0.179445
30 26 0.149445
30 27 0.05638833333333334
30 28 0.028333333333333332
30 29 0.029721666666666667
30 30 -1
30 31 0.13944499999999999
30 32 0.1275
30 33 0.13499999999999998
30 34 0.125555
30 35 0.153055
30 36 0.17111166666666666
30 37 0.16388833333333333
30 38 0.2225
30 39 0.275555
30 40 0.32388833333333333
30 41 0.37305499999999997
30 42 0.406945
30 43 0.4597216666666667
30 44 0.4008333333333333
30 45 0.425
30 46 0.44166666666666665
30 47 0.35222166666666666
30 48 0.38888833333333334
30 49 0.39166666666666666
30 50 0.3886116666666667
30 51 0.26833333333333337
31 0 -1
31 1 -1
31 2 -1
31 3 -1
31 4 -1
31 5 -1
31 6 -1
31 7 -1
31 8 -1
31 9 -1
31 10 -1
31 11 -1
31 12 -1
31 13 0.4825
31 14 0.7311116666666667
31 15 -1
31 16 -1
31 17 -1
31 18 0.6927783333333333
31 19 -1
31 20 0.6238883333333334
31 21 0.46138833333333334
31 22 0.43111166666666667
31 23 0.5177783333333333
31 24 0.444445
31 25 0.10222166666666667
31 26 0.14472166666666667
31 27 0.13666666666666666
31 28 0.14861166666666667
31 29 0.145
31 30 0.1575
31 31 -1
31 32 0.035833333333333335
31 33 0.07583333333333334
31 34 0.06638833333333333
31 35 0.08972166666666667
31 36 0.126945
31 37 0.11972166666666667
31 38 0.14916666666666664
31 39 0.19666666666666668
31 40 0.264445
31 41 0.39777833333333334
31 42 0.4963883333333333
31 43 0.5711116666666667
31 44 0.4483333333333333
31 45 0.514445
31 46 0.5308333333333334
31 47 0.4413883333333333
31 48 0.478055
31 49 0.4811116666666667
31 50 0.478055
31 51 0.3577783333333333
32 0 -1
32 1 -1
32 2 -1
32 3 -1
32 4 -1
32 5 -1
32 6 -1
32 7 -1
32 8 -1
32 9 -1
32 10 -1
32 11 -1
32 12 -1
32 13 0.47527833333333336
32 14 0.743055
32 15 -1
32 16 -1
32 17 -1
32 18 0.7047216666666666
32 19 -1
32 20 0.6358333333333334
32 21 0.45416666666666666
32 22 0.4238883333333333
32 23 0.510555
32 24 0.4372216666666667
32 25 0.11416666666666667
32 26 0.15638833333333332
32 27 0.12027833333333333
32 28 0.14166666666666666
32 29 0.138055
32 30 0.15027833333333335
32 31 0.011666666666666665
32 32 -1
32 33 0.06861166666666667
32 34 0.059166666666666666
32 35 0.10138833333333334
32 36 0.1225
32 37 0.11527833333333333
32 38 0.16111166666666668
32 39 0.20861166666666667
32 40 0.27638833333333335
32 41 0.390555
32 42 0.4891666666666667
32 43 0.5416666666666666
32 44 0.46027833333333334
32 45 0.5072216666666667
32 46 0.5236116666666667
32 47 0.4341666666666667
32 48 0.4708333333333333
32 49 0.4738883333333333
32 50 0.4708333333333333
32 51 0.350555
33 0 -1
33 1 -1
33 2 -1
33 3 -1
33 4 -1
33 5 -1
33 6 -1
33 7 -1
33 8 -1
33 9 -1
33 10 -1
33 11 -1
33 12 -1
33 13 0.4325
33 14 0.735
33 15 -1
33 16 -1
33 17 -1
33 18 0.6966666666666667
33 19 -1
33 20 0.6158333333333333
33 21 0.4116666666666667
33 22 0.38138833333333333
33 23 0.468055
33 24 0.39472166666666664
33 25 0.163055
33 26 0.205555
33 27 0.14361166666666667
33 28 0.11861166666666666
33 29 0.10555500000000001
33 30 0.10777833333333334
33 31 0.063055
33 32 0.051111666666666666
33 33 -1
33 34 0.024721666666666666
33 35 0.08277833333333334
33 36 0.09416666666666668
33 37 0.08694500000000001
33 38 0.15472166666666667
33 39 0.208055
33 40 0.2561116666666667
33 41 0.32277833333333333
33 42 0.44638833333333333
33 43 0.49916666666666665
33 44 0.4402783333333333
33 45 0.46472166666666664
33 46 0.4811116666666667
33 47 0.39166666666666666
33 48 0.42833333333333334
33 49 0.4313883333333333
33 50 0.42833333333333334
33 51 0.308055
34 0 -1
34 1 -1
34 2 -1
34 3 -1
34 4 -1
34 5 -1
34 6 -1
34 7 -1
34 8 -1
34 9 -1
34 10 -1
34 11 -1
34 12 -1
34 13 0.4422216666666667
34 14 0.7347216666666667
34 15 -1
34 16 -1
34 17 -1
34 18 0.6966666666666667
34 19 -1
34 20 0.6252783333333334
34 21 0.42111166666666666
34 22 0.3908333333333333
34 23 0.4775
34 24 0.4041666666666667
34 25 0.1725
34 26 0.215
34 27 0.153055
34 28 0.128055
34 29 0.115
34 30 0.11722166666666665
34 31 0.0725
34 32 0.060555000000000005
34 33 0.009445
34 34 -1
34 35 0.058054999999999995
34 36 0.06944499999999999
34 37 0.06222166666666666
34 38 0.1361116666666667
34 39 0.18361166666666667
34 40 0.265555
34 41 0.33222166666666664
34 42 0.4561116666666667
34 43 0.5086116666666667
34 44 0.4497216666666667
34 45 0.4741666666666667
34 46 0.49055499999999996
34 47 0.4011116666666667
34 48 0.4377783333333333
34 49 0.4408333333333333
34 50 0.4377783333333333
34 51 0.3175
35 0 -1
35 1 -1
35 2 -1
35 3 -1
35 4 -1
35 5 -1
35 6 -1
35 7 -1
35 8 -1
35 9 -1
35 10 -1
35 11 -1
35 12 -1
35 13 0.46027833333333334
35 14 0.731945
35 15 -1
35 16 -1
35 17 -1
35 18 0.6938883333333333
35 19 -1
35 20 0.618055
35 21 0.4391666666666667
35 22 0.40888833333333335
35 23 0.495555
35 24 0.42222166666666666
35 25 0.16
35 26 0.2025
35 27 0.17111166666666666
35 28 0.14611166666666667
35 29 0.133055
35 30 0.13527833333333333
35 31 0.07777833333333332
35 32 0.06583333333333334
35 33 0.0275
35 34 0.05222166666666667
35 35 -1
35 36 0.063055
35 37 0.05583333333333333
35 38 0.13388833333333333
35 39 0.18138833333333335
35 40 0.2586116666666667
35 41 0.346945
35 42 0.4741666666666667
35 43 0.5266666666666667
35 44 0.46777833333333335
35 45 0.49222166666666667
35 46 0.5086116666666667
35 47 0.41916666666666663
35 48 0.45583333333333337
35 49 0.45888833333333334
35 50 0.45583333333333337
35 51 0.335555
36 0 -1
36 1 -1
36 2 -1
36 3 -1
36 4 -1
36 5 -1
36 6 -1
36 7 -1
36 8 -1
36 9 -1
36 10 -1
36 11 -1
36 12 -1
36 13 0.48888833333333337
36 14 0.6986116666666666
36 15 -1
36 16 -1
36 17 -1
36 18 0.660555
36 19 -1
36 20 0.6038883333333334
36 21 0.46777833333333335
36 22 0.4375
36 23 0.5244449999999999
36 24 0.45083333333333336
36 25 0.15861166666666668
36 26 0.2011116666666667
36 27 0.2
36 28 0.17472166666666666
36 29 0.16194499999999998
36 30 0.16388833333333333
36 31 0.09916666666666667
36 32 0.08722166666666667
36 33 0.06083333333333333
36 34 0.08166666666666668
36 35 0.058888333333333334
36 36 -1
36 37 0.020833333333333332
36 38 0.1
36 39 0.1475
36 40 0.23583333333333334
36 41 0.35583333333333333
36 42 0.46027833333333334
36 43 0.5530550000000001
36 44 0.4966666666666667
36 45 0.5208333333333334
36 46 0.5372216666666667
36 47 0.448055
36 48 0.48472166666666666
36 49 0.4875
36 50 0.484445
36 51 0.3641666666666667
37 0 -1
37 1 -1
37 2 -1
37 3 -1
37 4 -1
37 5 -1
37 6 -1
37 7 -1
37 8 -1
37 9 -1
37 10 -1
37 11 -1
37 12 -1
37 13 0.48861166666666667
37 14 0.709445
37 15 -1
37 16 -1
37 17 -1
37 18 0.6713883333333333
37 19 -1
37 20 0.6147216666666666
37 21 0.4675
37 22 0.4372216666666667
37 23 0.5241666666666667
37 24 0.45083333333333336
37 25 0.169445
37 26 0.21166666666666664
37 27 0.19972166666666666
37 28 0.17472166666666666
37 29 0.16166666666666665
37 30 0.16361166666666668
37 31 0.09388833333333334
37 32 0.08222166666666667
37 33 0.06333333333333332
37 34 0.08166666666666668
37 35 0.050555
37 36 0.010555
37 37 -1
37 38 0.11083333333333334
37 39 0.15833333333333333
37 40 0.24666666666666667
37 41 0.358055
37 42 0.4625
37 43 0.5552783333333333
37 44 0.4963883333333333
37 45 0.520555
37 46 0.5372216666666667
37 47 0.44777833333333333
37 48 0.484445
37 49 0.48722166666666666
37 50 0.4841666666666667
37 51 0.36388833333333337
38 0 -1
38 1 -1
38 2 -1
38 3 -1
38 4 -1
38 5 -1
38 6 -1
38 7 -1
38 8 -1
38 9 -1
38 10 -1
38 11 -1
38 12 -1
38 13 0.5399999999999999
38 14 0.7316666666666667
38 15 -1
38 16 -1
38 17 -1
38 18 0.6936116666666667
38 19 -1
38 20 0.5847216666666667
38 21 0.5188883333333333
38 22 0.48861166666666667
38 23 0.5033333333333333
38 24 0.501945
38 25 0.19416666666666668
38 26 0.23666666666666666
38 27 0.25083333333333335
38 28 0.22583333333333336
38 29 0.21277833333333335
38 30 0.215
38 31 0.15
38 32 0.138055
38 33 0.125555
38 34 0.13277833333333333
38 35 0.12333333333333334
38 36 0.09611166666666666
38 37 0.08527833333333333
38 38 -1
38 39 0.12833333333333333
38 40 0.21638833333333332
38 41 0.36611166666666667
38 42 0.496945
38 43 0.5886116666666666
38 44 0.5475
38 45 0.510555
38 46 0.5463883333333333
38 47 0.4988883333333333
38 48 0.535555
38 49 0.5386116666666666
38 50 0.535555
38 51 0.4152783333333333
39 0 -1
39 1 -1
39 2 -1
39 3 -1
39 4 -1
39 5 -1
39 6 -1
39 7 -1
39 8 -1
39 9 -1
39 10 -1
39 11 -1
39 12 -1
39 13 0.5311116666666666
39 14 0.6636116666666666
39 15 -1
39 16 -1
39 17 -1
39 18 0.6252783333333334
39 19 -1
39 20 0.5163883333333333
39 21 0.51
39 22 0.47972166666666666
39 23 0.435
39 24 0.493055
39 25 0.264445
39 26 0.30694499999999997
39 27 0.30611166666666667
39 28 0.2811116666666667
39 29 0.26805500000000004
39 30 0.27027833333333334
39 31 0.20527833333333334
39 32 0.19333333333333333
39 33 0.19749999999999998
39 34 0.188055
39 35 0.19527833333333333
39 36 0.17333333333333334
39 37 0.16277833333333333
39 38 0.16
39 39 -1
39 40 0.14833333333333334
39 41 0.3111116666666666
39 42 0.42861166666666667
39 43 0.500555
39 44 0.6027783333333333
39 45 0.4422216666666667
39 46 0.47833333333333333
39 47 0.49
39 48 0.5266666666666667
39 49 0.5297216666666666
39 50 0.5586116666666666
39 51 0.470555
40 0 -1
40 1 -1
40 2 -1
40 3 -1
40 4 -1
40 5 -1
40 6 -1
40 7 -1
40 8 -1
40 9 -1
40 10 -1
40 11 -1
40 12 -1
40 13 0.45555500000000004
40 14 0.588055
40 15 -1
40 16 -1
40 17 -1
40 18 0.55
40 19 -1
40 20 0.4408333333333333
40 21 0.434445
40 22 0.4041666666666667
40 23 0.35972166666666666
40 24 0.41777833333333336
40 25 0.27527833333333335
40 26 0.31777833333333333
40 27 0.3186116666666667
40 28 0.29222166666666666
40 29 0.2791666666666667
40 30 0.2811116666666667
40 31 0.21638833333333332
40 32 0.20444500000000002
40 33 0.20861166666666667
40 34 0.19916666666666666
40 35 0.20638833333333334
40 36 0.19583333333333333
40 37 0.185
40 38 0.1825
40 39 0.091945
40 40 -1
40 41 0.23583333333333334
40 42 0.353055
40 43 0.45666666666666667
40 44 0.5202783333333333
40 45 0.366945
40 46 0.4027783333333333
40 47 0.41472166666666666
40 48 0.45138833333333334
40 49 0.45416666666666666
40 50 0.483055
40 51 0.4813883333333333
41 0 -1
41 1 -1
41 2 -1
41 3 -1
41 4 -1
41 5 -1
41 6 -1
41 7 -1
41 8 -1
41 9 -1
41 10 -1
41 11 -1
41 12 -1
41 13 0.44305500000000003
41 14 0.5549999999999999
41 15 -1
41 16 -1
41 17 -1
41 18 0.516945
41 19 -1
41 20 0.408055
41 21 0.421945
41 22 0.39166666666666666
41 23 0.3266666666666667
41 24 0.405
41 25 0.43222166666666667
41 26 0.47472166666666665
41 27 0.375555
41 28 0.350555
41 29 0.3375
41 30 0.336945
41 31 0.37305499999999997
41 32 0.36111166666666666
41 33 0.3652783333333333
41 34 0.35583333333333333
41 35 0.363055
41 36 0.36222166666666666
41 37 0.35138833333333336
41 38 0.32861166666666664
41 39 0.25833333333333336
41 40 0.25527833333333333
41 41 -1
41 42 0.20888833333333334
41 43 0.4377783333333333
41 44 0.5322216666666667
41 45 0.33388833333333334
41 46 0.36972166666666667
41 47 0.40194500000000005
41 48 0.4386116666666667
41 49 0.44166666666666665
41 50 0.4702783333333333
41 51 0.4675
42 0 -1
42 1 -1
42 2 -1
42 3 -1
42 4 -1
42 5 -1
42 6 -1
42 7 -1
42 8 -1
42 9 -1
42 10 -1
42 11 -1
42 12 -1
42 13 0.3222216666666667
42 14 0.5663883333333334
42 15 -1
42 16 -1
42 17 -1
42 18 0.5280549999999999
42 19 -1
42 20 0.5158333333333334
42 21 0.30111166666666667
42 22 0.2708333333333333
42 23 0.32638833333333334
42 24 0.284445
42 25 0.5175
42 26 0.48666666666666664
42 27 0.42361166666666666
42 28 0.395555
42 29 0.396945
42 30 0.38083333333333336
42 31 0.43
42 32 0.418055
42 33 0.4011116666666667
42 34 0.39166666666666666
42 35 0.426945
42 36 0.4372216666666667
42 37 0.43
42 38 0.4686116666666667
42 39 0.3983333333333333
42 40 0.39527833333333334
42 41 0.17027833333333334
42 42 -1
42 43 0.38888833333333334
42 44 0.4116666666666667
42 45 0.325555
42 46 0.3761116666666667
42 47 0.2813883333333333
42 48 0.31805500000000003
42 49 0.3211116666666667
42 50 0.325555
42 51 0.3922216666666667
43 0 -1
43 1 -1
43 2 -1
43 3 -1
43 4 -1
43 5 -1
43 6 -1
43 7 -1
43 8 -1
43 9 -1
43 10 -1
43 11 -1
43 12 -1
43 13 0.21222166666666667
43 14 0.474445
43 15 -1
43 16 -1
43 17 -1
43 18 0.4363883333333333
43 19 -1
43 20 0.6477783333333333
43 21 0.19166666666666668
43 22 0.18444500000000003
43 23 0.26999999999999996
43 24 0.16416666666666666
43 25 0.48166666666666663
43 26 0.45388833333333334
43 27 0.45749999999999996
43 28 0.42916666666666664
43 29 0.430555
43 30 0.414445
43 31 0.516945
43 32 0.505
43 33 0.5125
43 34 0.503055
43 35 0.530555
43 36 0.5572216666666667
43 37 0.5466666666666666
43 38 0.5827783333333334
43 39 0.538055
43 40 0.5336116666666667
43 41 0.49416666666666664
43 42 0.3811116666666667
43 43 -1
43 44 0.15166666666666667
43 45 0.305
43 46 0.280555
43 47 0.19499999999999998
43 48 0.19583333333333333
43 49 0.17277833333333334
43 50 0.23027833333333333
43 51 0.403055
44 0 -1
44 1 -1
44 2 -1
44 3 -1
44 4 -1
44 5 -1
44 6 -1
44 7 -1
44 8 -1
44 9 -1
44 10 -1
44 11 -1
44 12 -1
44 13 0.253055
44 14 0.5138883333333334
44 15 -1
44 16 -1
44 17 -1
44 18 0.475555
44 19 -1
44 20 0.686945
44 21 0.2225
44 22 0.22527833333333333
44 23 0.3108333333333333
44 24 0.20500000000000002
44 25 0.43833333333333335
44 26 0.35583333333333333
44 27 0.4125
44 28 0.4352783333333334
44 29 0.43666666666666665
44 30 0.420555
44 31 0.530555
44 32 0.5111116666666666
44 33 0.5183333333333333
44 34 0.5088883333333334
44 35 0.5441666666666667
44 36 0.5391666666666667
44 37 0.5286116666666667
44 38 0.5647216666666667
44 39 0.6122216666666667
44 40 0.5602783333333333
44 41 0.5022216666666667
44 42 0.421945
44 43 0.15916666666666668
44 44 -1
44 45 0.3458333333333333
44 46 0.32166666666666666
44 47 0.23583333333333334
44 48 0.236945
44 49 0.16888833333333333
44 50 0.14694500000000002
44 51 0.27749999999999997
45 0 -1
45 1 -1
45 2 -1
45 3 -1
45 4 -1
45 5 -1
45 6 -1
45 7 -1
45 8 -1
45 9 -1
45 10 -1
45 11 -1
45 12 -1
45 13 0.13416666666666668
45 14 0.4447216666666666
45 15 -1
45 16 -1
45 17 -1
45 18 0.4066666666666666
45 19 -1
45 20 0.52
45 21 0.189445
45 22 0.18416666666666667
45 23 0.041945
45 24 0.208055
45 25 0.566945
45 26 0.5361116666666667
45 27 0.47305499999999995
45 28 0.445
45 29 0.44638833333333333
45 30 0.4302783333333334
45 31 0.5325
45 32 0.520555
45 33 0.5280549999999999
45 34 0.5186116666666667
45 35 0.515
45 36 0.5141666666666667
45 37 0.5033333333333333
45 38 0.480555
45 39 0.41027833333333336
45 40 0.40722166666666665
45 41 0.33527833333333334
45 42 0.3211116666666667
45 43 0.3127783333333333
45 44 0.335555
45 45 -1
45 46 0.08499999999999999
45 47 0.19472166666666665
45 48 0.16583333333333333
45 49 0.2033333333333333
45 50 0.2647216666666667
45 51 0.4233333333333333
46 0 -1
46 1 -1
46 2 -1
46 3 -1
46 4 -1
46 5 -1
46 6 -1
46 7 -1
46 8 -1
46 9 -1
46 10 -1
46 11 -1
46 12 -1
46 13 0.120555
46 14 0.42722166666666667
46 15 -1
46 16 -1
46 17 -1
46 18 0.38888833333333334
46 19 -1
46 20 0.5625
46 21 0.17583333333333334
46 22 0.17083333333333334
46 23 0.05472166666666667
46 24 0.188055
46 25 0.5702783333333333
46 26 0.5394450000000001
46 27 0.47638833333333336
46 28 0.4483333333333333
46 29 0.4497216666666667
46 30 0.4336116666666667
46 31 0.5361116666666667
46 32 0.5241666666666667
46 33 0.5313883333333334
46 34 0.521945
46 35 0.5497216666666667
46 36 0.5566666666666666
46 37 0.5458333333333333
46 38 0.5230549999999999
46 39 0.45277833333333334
46 40 0.4497216666666667
46 41 0.3777783333333333
46 42 0.33416666666666667
46 43 0.2863883333333333
46 44 0.309445
46 45 0.0775
46 46 -1
46 47 0.18111166666666667
46 48 0.15222166666666667
46 49 0.18972166666666668
46 50 0.24722166666666665
46 51 0.44583333333333336
47 0 -1
47 1 -1
47 2 -1
47 3 -1
47 4 -1
47 5 -1
47 6 -1
47 7 -1
47 8 -1
47 9 -1
47 10 -1
47 11 -1
47 12 -1
47 13 0.15666666666666668
47 14 0.5230549999999999
47 15 -1
47 16 -1
47 17 -1
47 18 0.48500000000000004
47 19 -1
47 20 0.595555
47 21 0.05416666666666667
47 22 0.06416666666666666
47 23 0.18333333333333332
47 24 0.1408333333333333
47 25 0.44527833333333333
47 26 0.414445
47 27 0.35138833333333336
47 28 0.3233333333333333
47 29 0.3247216666666667
47 30 0.30833333333333335
47 31 0.41083333333333333
47 32 0.39888833333333334
47 33 0.4063883333333333
47 34 0.396945
47 35 0.424445
47 36 0.44277833333333333
47 37 0.4352783333333334
47 38 0.4938883333333333
47 39 0.4858333333333333
47 40 0.4827783333333333
47 41 0.388055
47 42 0.275
47 43 0.24527833333333332
47 44 0.26638833333333334
47 45 0.18000000000000002
47 46 0.19638833333333333
47 47 -1
47 48 0.174445
47 49 0.09666666666666666
47 50 0.120555
47 51 0.30333333333333334
48 0 -1
48 1 -1
48 2 -1
48 3 -1
48 4 -1
48 5 -1
48 6 -1
48 7 -1
48 8 -1
48 9 -1
48 10 -1
48 11 -1
48 12 -1
48 13 0.06666666666666667
48 14 0.44666666666666666
48 15 -1
48 16 -1
48 17 -1
48 18 0.40861166666666665
48 19 -1
48 20 0.630555
48 21 0.099445
48 22 0.09416666666666668
48 23 0.131945
48 24 0.11166666666666666
48 25 0.4938883333333333
48 26 0.463055
48 27 0.4
48 28 0.371945
48 29 0.3733333333333333
48 30 0.35722166666666666
48 31 0.459445
48 32 0.4475
48 33 0.455
48 34 0.445555
48 35 0.47305499999999995
48 36 0.4913883333333333
48 37 0.4841666666666667
48 38 0.5425
48 39 0.5208333333333334
48 40 0.518055
48 41 0.43666666666666665
48 42 0.32361166666666663
48 43 0.20916666666666667
48 44 0.231945
48 45 0.15083333333333335
48 46 0.14277833333333334
48 47 0.10472166666666666
48 48 -1
48 49 0.11222166666666666
48 50 0.16999999999999998
48 51 0.35694499999999996
49 0 -1
49 1 -1
49 2 -1
49 3 -1
49 4 -1
49 5 -1
49 6 -1
49 7 -1
49 8 -1
49 9 -1
49 10 -1
49 11 -1
49 12 -1
49 13 0.10638833333333333
49 14 0.4386116666666667
49 15 -1
49 16 -1
49 17 -1
49 18 0.40027833333333335
49 19 -1
49 20 0.6291666666666667
49 21 0.05333333333333334
49 22 0.07638833333333334
49 23 0.16388833333333333
49 24 0.06833333333333333
49 25 0.4788883333333333
49 26 0.448055
49 27 0.385
49 28 0.35694499999999996
49 29 0.35833333333333334
49 30 0.3422216666666667
49 31 0.4447216666666666
49 32 0.4327783333333333
49 33 0.44
49 34 0.430555
49 35 0.4583333333333333
49 36 0.47638833333333336
49 37 0.4691666666666666
49 38 0.5275
49 39 0.5194449999999999
49 40 0.5166666666666667
49 41 0.421945
49 42 0.3088883333333333
49 43 0.18888833333333332
49 44 0.19055499999999997
49 45 0.18277833333333332
49 46 0.17472166666666666
49 47 0.08277833333333334
49 48 0.09000000000000001
49 49 -1
49 50 0.08472166666666667
49 51 0.3222216666666667
50 0 -1
50 1 -1
50 2 -1
50 3 -1
50 4 -1
50 5 -1
50 6 -1
50 7 -1
50 8 -1
50 9 -1
50 10 -1
50 11 -1
50 12 -1
50 13 0.17333333333333334
50 14 0.505555
50 15 -1
50 16 -1
50 17 -1
50 18 0.4672216666666667
50 19 -1
50 20 0.6283333333333334
50 21 0.09083333333333334
50 22 0.11361166666666667
50 23 0.23083333333333333
50 24 0.13527833333333333
50 25 0.45583333333333337
50 26 0.396945
50 27 0.39499999999999996
50 28 0.36611166666666667
50 29 0.3675
50 30 0.35138833333333336
50 31 0.44305500000000003
50 32 0.43111166666666667
50 33 0.4386116666666667
50 34 0.42916666666666664
50 35 0.45666666666666667
50 36 0.475
50 37 0.4675
50 38 0.5261116666666666
50 39 0.5186116666666667
50 40 0.5158333333333334
50 41 0.42111166666666666
50 42 0.31916666666666665
50 43 0.2558333333333333
50 44 0.158055
50 45 0.2386116666666667
50 46 0.24166666666666667
50 47 0.1175
50 48 0.156945
50 49 0.08722166666666667
50 50 -1
50 51 0.2388883333333333
51 0 -1
51 1 -1
51 2 -1
51 3 -1
51 4 -1
51 5 -1
51 6 -1
51 7 -1
51 8 -1
51 9 -1
51 10 -1
51 11 -1
51 12 -1
51 13 0.4008333333333333
51 14 0.7308333333333333
51 15 -1
51 16 -1
51 17 -1
51 18 0.6927783333333333
51 19 -1
51 20 0.7238883333333334
51 21 0.3797216666666667
51 22 0.349445
51 23 0.4363883333333333
51 24 0.363055
51 25 0.216945
51 26 0.17333333333333334
51 27 0.15638833333333332
51 28 0.145
51 29 0.14638833333333334
51 30 0.13027833333333333
51 31 0.22222166666666665
51 32 0.21027833333333332
51 33 0.2175
51 34 0.208055
51 35 0.23583333333333334
51 36 0.2538883333333333
51 37 0.24666666666666667
51 38 0.305
51 39 0.35833333333333334
51 40 0.4063883333333333
51 41 0.390555
51 42 0.41472166666666666
51 43 0.42583333333333334
51 44 0.30305499999999996
51 45 0.433055
51 46 0.449445
51 47 0.36000000000000004
51 48 0.39666666666666667
51 49 0.39972166666666664
51 50 0.36111166666666666
51 51 -1
;

param arc_distance :=
0 0 -1
0 1 -1
0 2 -1
0 3 -1
0 4 -1
0 5 139.574
0 6 11.481
0 7 5.976
0 8 7.97
0 9 116.035
0 10 120.415
0 11 207.824
0 12 -1
0 13 -1
0 14 -1
0 15 116.895
0 16 121.078
0 17 132.125
0 18 -1
0 19 9.572
0 20 -1
0 21 -1
0 22 -1
0 23 -1
0 24 -1
0 25 -1
0 26 -1
0 27 -1
0 28 -1
0 29 -1
0 30 -1
0 31 -1
0 32 -1
0 33 -1
0 34 -1
0 35 -1
0 36 -1
0 37 -1
0 38 -1
0 39 -1
0 40 -1
0 41 -1
0 42 -1
0 43 -1
0 44 -1
0 45 -1
0 46 -1
0 47 -1
0 48 -1
0 49 -1
0 50 -1
0 51 -1
1 0 -1
1 1 -1
1 2 37.475
1 3 38.456
1 4 26.433
1 5 97.941
1 6 -1
1 7 -1
1 8 -1
1 9 119.808
1 10 114.183
1 11 28.77
1 12 53.574
1 13 -1
1 14 -1
1 15 120.282
1 16 113.594
1 17 117.617
1 18 -1
1 19 -1
1 20 -1
1 21 -1
1 22 -1
1 23 -1
1 24 -1
1 25 -1
1 26 -1
1 27 -1
1 28 -1
1 29 -1
1 30 -1
1 31 -1
1 32 -1
1 33 -1
1 34 -1
1 35 -1
1 36 -1
1 37 -1
1 38 -1
1 39 -1
1 40 -1
1 41 -1
1 42 -1
1 43 -1
1 44 -1
1 45 -1
1 46 -1
1 47 -1
1 48 -1
1 49 -1
1 50 -1
1 51 -1
2 0 -1
2 1 25.169
2 2 -1
2 3 1.7
2 4 10.103
2 5 95.122
2 6 221.31
2 7 222.438
2 8 -1
2 9 116.989
2 10 111.364
2 11 25.951
2 12 22.734
2 13 -1
2 14 -1
2 15 117.463
2 16 110.775
2 17 114.798
2 18 -1
2 19 -1
2 20 -1
2 21 -1
2 22 -1
2 23 -1
2 24 -1
2 25 -1
2 26 -1
2 27 -1
2 28 -1
2 29 -1
2 30 -1
2 31 -1
2 32 -1
2 33 -1
2 34 -1
2 35 -1
2 36 -1
2 37 -1
2 38 -1
2 39 -1
2 40 -1
2 41 -1
2 42 -1
2 43 -1
2 44 -1
2 45 -1
2 46 -1
2 47 -1
2 48 -1
2 49 -1
2 50 -1
2 51 -1
3 0 -1
3 1 26.265
3 2 1.383
3 3 -1
3 4 9.393
3 5 96.218
3 6 222.406
3 7 223.534
3 8 -1
3 9 118.085
3 10 112.46
3 11 27.047
3 12 23.83
3 13 -1
3 14 -1
3 15 118.559
3 16 111.871
3 17 115.894
3 18 -1
3 19 -1
3 20 -1
3 21 -1
3 22 -1
3 23 -1
3 24 -1
3 25 -1
3 26 -1
3 27 -1
3 28 -1
3 29 -1
3 30 -1
3 31 -1
3 32 -1
3 33 -1
3 34 -1
3 35 -1
3 36 -1
3 37 -1
3 38 -1
3 39 -1
3 40 -1
3 41 -1
3 42 -1
3 43 -1
3 44 -1
3 45 -1
3 46 -1
3 47 -1
3 48 -1
3 49 -1
3 50 -1
3 51 -1
4 0 -1
4 1 14.47
4 2 25.133
4 3 9.491
4 4 -1
4 5 80.647
4 6 206.835
4 7 207.963
4 8 -1
4 9 102.514
4 10 96.889
4 11 8.666
4 12 41.232
4 13 -1
4 14 -1
4 15 102.988
4 16 96.3
4 17 100.323
4 18 -1
4 19 -1
4 20 -1
4 21 -1
4 22 -1
4 23 -1
4 24 -1
4 25 -1
4 26 -1
4 27 -1
4 28 -1
4 29 -1
4 30 -1
4 31 -1
4 32 -1
4 33 -1
4 34 -1
4 35 -1
4 36 -1
4 37 -1
4 38 -1
4 39 -1
4 40 -1
4 41 -1
4 42 -1
4 43 -1
4 44 -1
4 45 -1
4 46 -1
4 47 -1
4 48 -1
4 49 -1
4 50 -1
4 51 -1
5 0 137.624
5 1 86.427
5 2 95.035
5 3 96.016
5 4 79.367
5 5 -1
5 6 129.884
5 7 131.012
5 8 136.027
5 9 25.563
5 10 19.938
5 11 72.25
5 12 111.134
5 13 -1
5 14 -1
5 15 26.037
5 16 19.349
5 17 23.372
5 18 -1
5 19 143.106
5 20 -1
5 21 -1
5 22 -1
5 23 -1
5 24 -1
5 25 -1
5 26 -1
5 27 -1
5 28 -1
5 29 -1
5 30 -1
5 31 -1
5 32 -1
5 33 -1
5 34 -1
5 35 -1
5 36 -1
5 37 -1
5 38 -1
5 39 -1
5 40 -1
5 41 -1
5 42 -1
5 43 -1
5 44 -1
5 45 -1
5 46 -1
5 47 -1
5 48 -1
5 49 -1
5 50 -1
5 51 -1
6 0 10.316
6 1 213.83
6 2 222.438
6 3 223.419
6 4 206.77
6 5 131.403
6 6 -1
6 7 3.704
6 8 6.245
6 9 107.864
6 10 112.244
6 11 199.653
6 12 -1
6 13 -1
6 14 -1
6 15 108.724
6 16 112.907
6 17 123.954
6 18 -1
6 19 15.798
6 20 -1
6 21 -1
6 22 -1
6 23 -1
6 24 -1
6 25 -1
6 26 -1
6 27 -1
6 28 -1
6 29 -1
6 30 -1
6 31 -1
6 32 -1
6 33 -1
6 34 -1
6 35 -1
6 36 -1
6 37 -1
6 38 -1
6 39 -1
6 40 -1
6 41 -1
6 42 -1
6 43 -1
6 44 -1
6 45 -1
6 46 -1
6 47 -1
6 48 -1
6 49 -1
6 50 -1
6 51 -1
7 0 7.53
7 1 214.478
7 2 223.086
7 3 224.067
7 4 207.418
7 5 132.051
7 6 3.958
7 7 -1
7 8 10.101
7 9 108.512
7 10 112.892
7 11 200.301
7 12 -1
7 13 -1
7 14 -1
7 15 109.372
7 16 113.555
7 17 124.602
7 18 -1
7 19 13.012
7 20 -1
7 21 -1
7 22 -1
7 23 -1
7 24 -1
7 25 -1
7 26 -1
7 27 -1
7 28 -1
7 29 -1
7 30 -1
7 31 -1
7 32 -1
7 33 -1
7 34 -1
7 35 -1
7 36 -1
7 37 -1
7 38 -1
7 39 -1
7 40 -1
7 41 -1
7 42 -1
7 43 -1
7 44 -1
7 45 -1
7 46 -1
7 47 -1
7 48 -1
7 49 -1
7 50 -1
7 51 -1
8 0 7.323
8 1 220.006
8 2 -1
8 3 -1
8 4 212.946
8 5 137.579
8 6 6.519
8 7 9.88
8 8 -1
8 9 114.04
8 10 118.42
8 11 205.829
8 12 -1
8 13 -1
8 14 -1
8 15 114.9
8 16 119.083
8 17 130.13
8 18 -1
8 19 13.493
8 20 -1
8 21 -1
8 22 -1
8 23 -1
8 24 -1
8 25 -1
8 26 -1
8 27 -1
8 28 -1
8 29 -1
8 30 -1
8 31 -1
8 32 -1
8 33 -1
8 34 -1
8 35 -1
8 36 -1
8 37 -1
8 38 -1
8 39 -1
8 40 -1
8 41 -1
8 42 -1
8 43 -1
8 44 -1
8 45 -1
8 46 -1
8 47 -1
8 48 -1
8 49 -1
8 50 -1
8 51 -1
9 0 115.447
9 1 108.713
9 2 117.321
9 3 118.302
9 4 101.653
9 5 26.286
9 6 107.707
9 7 108.835
9 8 113.85
9 9 -1
9 10 7.202
9 11 94.536
9 12 133.42
9 13 -1
9 14 -1
9 15 3.409
9 16 7.865
9 17 18.912
9 18 -1
9 19 120.929
9 20 -1
9 21 -1
9 22 -1
9 23 -1
9 24 -1
9 25 -1
9 26 -1
9 27 -1
9 28 -1
9 29 -1
9 30 -1
9 31 -1
9 32 -1
9 33 -1
9 34 -1
9 35 -1
9 36 -1
9 37 -1
9 38 -1
9 39 -1
9 40 -1
9 41 -1
9 42 -1
9 43 -1
9 44 -1
9 45 -1
9 46 -1
9 47 -1
9 48 -1
9 49 -1
9 50 -1
9 51 -1
10 0 119.32
10 1 104.268
10 2 112.876
10 3 113.857
10 4 97.208
10 5 21.841
10 6 111.58
10 7 112.708
10 8 117.723
10 9 7.187
10 10 -1
10 11 90.091
10 12 128.975
10 13 -1
10 14 -1
10 15 7.661
10 16 4.963
10 17 14.467
10 18 -1
10 19 124.802
10 20 -1
10 21 -1
10 22 -1
10 23 -1
10 24 -1
10 25 -1
10 26 -1
10 27 -1
10 28 -1
10 29 -1
10 30 -1
10 31 -1
10 32 -1
10 33 -1
10 34 -1
10 35 -1
10 36 -1
10 37 -1
10 38 -1
10 39 -1
10 40 -1
10 41 -1
10 42 -1
10 43 -1
10 44 -1
10 45 -1
10 46 -1
10 47 -1
10 48 -1
10 49 -1
10 50 -1
10 51 -1
11 0 207.431
11 1 21.265
11 2 29.873
11 3 30.854
11 4 9.651
11 5 73.503
11 6 199.691
11 7 200.819
11 8 205.834
11 9 95.37
11 10 89.745
11 11 -1
11 12 45.972
11 13 -1
11 14 -1
11 15 95.844
11 16 89.156
11 17 93.179
11 18 -1
11 19 212.913
11 20 -1
11 21 -1
11 22 -1
11 23 -1
11 24 -1
11 25 -1
11 26 -1
11 27 -1
11 28 -1
11 29 -1
11 30 -1
11 31 -1
11 32 -1
11 33 -1
11 34 -1
11 35 -1
11 36 -1
11 37 -1
11 38 -1
11 39 -1
11 40 -1
11 41 -1
11 42 -1
11 43 -1
11 44 -1
11 45 -1
11 46 -1
11 47 -1
11 48 -1
11 49 -1
11 50 -1
11 51 -1
12 0 -1
12 1 42.628
12 2 23.426
12 3 24.407
12 4 43.018
12 5 112.581
12 6 -1
12 7 -1
12 8 -1
12 9 134.448
12 10 128.823
12 11 43.41
12 12 -1
12 13 -1
12 14 217.034
12 15 134.922
12 16 128.234
12 17 132.257
12 18 216.319
12 19 -1
12 20 -1
12 21 -1
12 22 -1
12 23 -1
12 24 -1
12 25 -1
12 26 -1
12 27 -1
12 28 -1
12 29 -1
12 30 -1
12 31 -1
12 32 -1
12 33 -1
12 34 -1
12 35 -1
12 36 -1
12 37 -1
12 38 -1
12 39 -1
12 40 -1
12 41 -1
12 42 -1
12 43 -1
12 44 -1
12 45 -1
12 46 -1
12 47 -1
12 48 -1
12 49 -1
12 50 -1
12 51 -1
13 0 -1
13 1 -1
13 2 -1
13 3 -1
13 4 -1
13 5 -1
13 6 -1
13 7 -1
13 8 -1
13 9 -1
13 10 -1
13 11 -1
13 12 -1
13 13 -1
13 14 31.38
13 15 -1
13 16 -1
13 17 -1
13 18 30.665
13 19 -1
13 20 47.356
13 21 2.744
13 22 2.542
13 23 2.773
13 24 3.785
13 25 15.687
13 26 15.103
13 27 13.965
13 28 13.464
13 29 13.519
13 30 13.07
13 31 16.24
13 32 15.957
13 33 16.1
13 34 15.847
13 35 16.528
13 36 17.038
13 37 16.802
13 38 19.861
13 39 33.714
13 40 34.241
13 41 22.923
13 42 10.253
13 43 6.908
13 44 7.348
13 45 3.076
13 46 2.628
13 47 2.678
13 48 0.952
13 49 3.367
13 50 4.905
13 51 11.064
14 0 -1
14 1 -1
14 2 -1
14 3 -1
14 4 -1
14 5 -1
14 6 -1
14 7 -1
14 8 -1
14 9 -1
14 10 -1
14 11 -1
14 12 217.667
14 13 27.73
14 14 -1
14 15 -1
14 16 -1
14 17 -1
14 18 1
14 19 -1
14 20 68.914
14 21 31.074
14 22 30.876
14 23 29.932
14 24 29.796
14 25 62.825
14 26 52.443
14 27 46.676
14 28 46.175
14 29 46.23
14 30 45.781
14 31 60.908
14 32 61.25
14 33 61.696
14 34 61.443
14 35 61.114
14 36 61.258
14 37 60.987
14 38 55.212
14 39 55.038
14 40 55.565
14 41 44.247
14 42 39.223
14 43 30.219
14 44 33.572
14 45 30.08
14 46 27.201
14 47 31.012
14 48 29.832
14 49 29.613
14 50 31.151
14 51 43.775
15 0 115.915
15 1 109.823
15 2 118.431
15 3 119.412
15 4 102.763
15 5 27.396
15 6 108.175
15 7 109.303
15 8 114.318
15 9 3.56
15 10 8.312
15 11 95.646
15 12 134.53
15 13 -1
15 14 -1
15 15 -1
15 16 4.82
15 17 20.022
15 18 -1
15 19 121.397
15 20 -1
15 21 -1
15 22 -1
15 23 -1
15 24 -1
15 25 -1
15 26 -1
15 27 -1
15 28 -1
15 29 -1
15 30 -1
15 31 -1
15 32 -1
15 33 -1
15 34 -1
15 35 -1
15 36 -1
15 37 -1
15 38 -1
15 39 -1
15 40 -1
15 41 -1
15 42 -1
15 43 -1
15 44 -1
15 45 -1
15 46 -1
15 47 -1
15 48 -1
15 49 -1
15 50 -1
15 51 -1
16 0 119.915
16 1 103.419
16 2 112.027
16 3 113.008
16 4 96.359
16 5 20.992
16 6 112.175
16 7 113.303
16 8 118.318
16 9 7.782
16 10 4.259
16 11 89.242
16 12 128.126
16 13 -1
16 14 -1
16 15 4.251
16 16 -1
16 17 13.36
16 18 -1
16 19 125.397
16 20 -1
16 21 -1
16 22 -1
16 23 -1
16 24 -1
16 25 -1
16 26 -1
16 27 -1
16 28 -1
16 29 -1
16 30 -1
16 31 -1
16 32 -1
16 33 -1
16 34 -1
16 35 -1
16 36 -1
16 37 -1
16 38 -1
16 39 -1
16 40 -1
16 41 -1
16 42 -1
16 43 -1
16 44 -1
16 45 -1
16 46 -1
16 47 -1
16 48 -1
16 49 -1
16 50 -1
16 51 -1
17 0 132.517
17 1 106.265
17 2 114.873
17 3 115.854
17 4 99.205
17 5 14.471
17 6 124.777
17 7 125.905
17 8 130.92
17 9 19.728
17 10 14.103
17 11 92.088
17 12 130.972
17 13 -1
17 14 -1
17 15 20.202
17 16 13.223
17 17 -1
17 18 -1
17 19 137.999
17 20 -1
17 21 -1
17 22 -1
17 23 -1
17 24 -1
17 25 -1
17 26 -1
17 27 -1
17 28 -1
17 29 -1
17 30 -1
17 31 -1
17 32 -1
17 33 -1
17 34 -1
17 35 -1
17 36 -1
17 37 -1
17 38 -1
17 39 -1
17 40 -1
17 41 -1
17 42 -1
17 43 -1
17 44 -1
17 45 -1
17 46 -1
17 47 -1
17 48 -1
17 49 -1
17 50 -1
17 51 -1
18 0 -1
18 1 -1
18 2 -1
18 3 -1
18 4 -1
18 5 -1
18 6 -1
18 7 -1
18 8 -1
18 9 -1
18 10 -1
18 11 -1
18 12 217.018
18 13 27.081
18 14 0.991
18 15 -1
18 16 -1
18 17 -1
18 18 -1
18 19 -1
18 20 68.265
18 21 30.425
18 22 30.227
18 23 29.283
18 24 29.147
18 25 62.176
18 26 51.794
18 27 46.027
18 28 45.526
18 29 45.581
18 30 45.132
18 31 60.259
18 32 60.601
18 33 61.047
18 34 60.794
18 35 60.465
18 36 60.609
18 37 60.338
18 38 54.563
18 39 54.389
18 40 54.916
18 41 43.598
18 42 38.574
18 43 29.57
18 44 32.923
18 45 29.431
18 46 26.552
18 47 30.363
18 48 29.183
18 49 28.964
18 50 30.502
18 51 43.126
19 0 9.453
19 1 -1
19 2 -1
19 3 -1
19 4 -1
19 5 145.163
19 6 17.07
19 7 14.538
19 8 14.456
19 9 121.624
19 10 126.004
19 11 213.413
19 12 -1
19 13 -1
19 14 -1
19 15 122.484
19 16 126.667
19 17 137.714
19 18 -1
19 19 -1
19 20 -1
19 21 -1
19 22 -1
19 23 -1
19 24 -1
19 25 -1
19 26 -1
19 27 -1
19 28 -1
19 29 -1
19 30 -1
19 31 -1
19 32 -1
19 33 -1
19 34 -1
19 35 -1
19 36 -1
19 37 -1
19 38 -1
19 39 -1
19 40 -1
19 41 -1
19 42 -1
19 43 -1
19 44 -1
19 45 -1
19 46 -1
19 47 -1
19 48 -1
19 49 -1
19 50 -1
19 51 -1
20 0 -1
20 1 -1
20 2 -1
20 3 -1
20 4 -1
20 5 -1
20 6 -1
20 7 -1
20 8 -1
20 9 -1
20 10 -1
20 11 -1
20 12 -1
20 13 28.818
20 14 40.944
20 15 -1
20 16 -1
20 17 -1
20 18 40.229
20 19 -1
20 20 -1
20 21 27.594
20 22 27.144
20 23 24.048
20 24 28.645
20 25 32.437
20 26 31.853
20 27 30.715
20 28 30.214
20 29 30.269
20 30 29.82
20 31 32.99
20 32 32.707
20 33 32.85
20 34 32.597
20 35 45.784
20 36 43.261
20 37 42.99
20 38 39.865
20 39 39.691
20 40 40.218
20 41 28.9
20 42 23.279
20 43 34.888
20 44 33.375
20 45 24.196
20 46 25.008
20 47 27.28
20 48 29.554
20 49 29.559
20 50 26.325
20 51 27.814
21 0 -1
21 1 -1
21 2 -1
21 3 -1
21 4 -1
21 5 -1
21 6 -1
21 7 -1
21 8 -1
21 9 -1
21 10 -1
21 11 -1
21 12 -1
21 13 2.764
21 14 31.7
21 15 -1
21 16 -1
21 17 -1
21 18 30.985
21 19 -1
21 20 46.982
21 21 -1
21 22 0.846
21 23 4.516
21 24 2.287
21 25 13.796
21 26 13.212
21 27 12.074
21 28 11.573
21 29 11.628
21 30 11.179
21 31 14.349
21 32 14.066
21 33 14.209
21 34 13.956
21 35 14.637
21 36 15.147
21 37 14.911
21 38 17.97
21 39 33.34
21 40 33.867
21 41 13.077
21 42 7.785
21 43 6.662
21 44 4.149
21 45 4.775
21 46 4.371
21 47 0.799
21 48 3.139
21 49 0.887
21 50 1.723
21 51 6.364
22 0 -1
22 1 -1
22 2 -1
22 3 -1
22 4 -1
22 5 -1
22 6 -1
22 7 -1
22 8 -1
22 9 -1
22 10 -1
22 11 -1
22 12 -1
22 13 2.282
22 14 31.571
22 15 -1
22 16 -1
22 17 -1
22 18 30.856
22 19 -1
22 20 48.661
22 21 0.449
22 22 -1
22 23 4.034
22 24 2.158
22 25 13.545
22 26 12.961
22 27 11.823
22 28 11.322
22 29 11.377
22 30 10.928
22 31 14.098
22 32 13.815
22 33 13.958
22 34 13.705
22 35 14.386
22 36 14.896
22 37 14.66
22 38 17.719
22 39 35.019
22 40 35.546
22 41 14.756
22 42 8.111
22 43 7.92
22 44 4.599
22 45 4.091
22 46 3.889
22 47 0.5
22 48 2.932
22 49 1.337
22 50 2.084
22 51 8.922
23 0 -1
23 1 -1
23 2 -1
23 3 -1
23 4 -1
23 5 -1
23 6 -1
23 7 -1
23 8 -1
23 9 -1
23 10 -1
23 11 -1
23 12 -1
23 13 4.029
23 14 30.808
23 15 -1
23 16 -1
23 17 -1
23 18 30.093
23 19 -1
23 20 44.582
23 21 5.444
23 22 4.441
23 23 -1
23 24 5.946
23 25 16.753
23 26 16.169
23 27 15.031
23 28 14.53
23 29 14.585
23 30 14.136
23 31 17.306
23 32 17.023
23 33 17.166
23 34 16.913
23 35 37.033
23 36 34.51
23 37 34.239
23 38 31.114
23 39 30.94
23 40 31.467
23 41 20.149
23 42 15.125
23 43 10.236
23 44 10.676
23 45 0.713
23 46 2.303
23 47 4.577
23 48 4.831
23 49 6.564
23 50 6.197
23 51 9.805
24 0 -1
24 1 -1
24 2 -1
24 3 -1
24 4 -1
24 5 -1
24 6 -1
24 7 -1
24 8 -1
24 9 -1
24 10 -1
24 11 -1
24 12 -1
24 13 2.384
24 14 30.198
24 15 -1
24 16 -1
24 17 -1
24 18 29.483
24 19 -1
24 20 50.327
24 21 2.552
24 22 2.354
24 23 4.67
24 24 -1
24 25 15.211
24 26 14.627
24 27 13.489
24 28 12.988
24 29 13.043
24 30 12.594
24 31 15.764
24 32 15.481
24 33 15.624
24 34 15.371
24 35 16.052
24 36 16.562
24 37 16.326
24 38 19.385
24 39 36.685
24 40 37.212
24 41 16.422
24 42 9.777
24 43 5.812
24 44 6.252
24 45 4.973
24 46 4.525
24 47 2.49
24 48 1.637
24 49 1.482
24 50 3.809
24 51 10.588
25 0 -1
25 1 -1
25 2 -1
25 3 -1
25 4 -1
25 5 -1
25 6 -1
25 7 -1
25 8 -1
25 9 -1
25 10 -1
25 11 -1
25 12 -1
25 13 15.272
25 14 61.322
25 15 -1
25 16 -1
25 17 -1
25 18 60.607
25 19 -1
25 20 52.266
25 21 14.048
25 22 13.598
25 23 15.922
25 24 15.099
25 25 -1
25 26 1.549
25 27 3.105
25 28 3.183
25 29 3.238
25 30 3.495
25 31 1.967
25 32 2.152
25 33 3.795
25 34 3.542
25 35 3.213
25 36 3.942
25 37 3.706
25 38 5.424
25 39 6.917
25 40 12.546
25 41 25.154
25 42 14.236
25 43 13.04
25 44 9.03
25 45 15.933
25 46 15.789
25 47 13.734
25 48 16.008
25 49 16.013
25 50 12.085
25 51 6.226
26 0 -1
26 1 -1
26 2 -1
26 3 -1
26 4 -1
26 5 -1
26 6 -1
26 7 -1
26 8 -1
26 9 -1
26 10 -1
26 11 -1
26 12 -1
26 13 14.582
26 14 41.302
26 15 -1
26 16 -1
26 17 -1
26 18 40.587
26 19 -1
26 20 53.31
26 21 13.358
26 22 12.908
26 23 15.232
26 24 14.409
26 25 1.171
26 26 -1
26 27 2.173
26 28 3.154
26 29 3.209
26 30 3.499
26 31 3.011
26 32 3.196
26 33 4.839
26 34 4.586
26 35 4.257
26 36 4.986
26 37 4.75
26 38 6.468
26 39 7.961
26 40 13.59
26 41 10.942
26 42 13.546
26 43 10.897
26 44 7.48
26 45 15.243
26 46 15.099
26 47 13.044
26 48 15.318
26 49 8.568
26 50 10.535
26 51 4.676
27 0 -1
27 1 -1
27 2 -1
27 3 -1
27 4 -1
27 5 -1
27 6 -1
27 7 -1
27 8 -1
27 9 -1
27 10 -1
27 11 -1
27 12 -1
27 13 13.175
27 14 47.201
27 15 -1
27 16 -1
27 17 -1
27 18 46.486
27 19 -1
27 20 53.675
27 21 11.951
27 22 11.501
27 23 13.825
27 24 13.002
27 25 2.884
27 26 1.955
27 27 -1
27 28 1.086
27 29 1.141
27 30 1.398
27 31 2.491
27 32 2.494
27 33 3.085
27 34 2.832
27 35 4.622
27 36 5.351
27 37 5.115
27 38 6.833
27 39 8.326
27 40 13.955
27 41 9.535
27 42 12.139
27 43 17.292
27 44 8.293
27 45 13.836
27 46 13.692
27 47 11.637
27 48 13.911
27 49 13.916
27 50 9.004
27 51 6.24
28 0 -1
28 1 -1
28 2 -1
28 3 -1
28 4 -1
28 5 -1
28 6 -1
28 7 -1
28 8 -1
28 9 -1
28 10 -1
28 11 -1
28 12 -1
28 13 12.654
28 14 46.68
28 15 -1
28 16 -1
28 17 -1
28 18 45.965
28 19 -1
28 20 45.805
28 21 11.43
28 22 10.98
28 23 13.304
28 24 12.481
28 25 3.346
28 26 2.677
28 27 1.008
28 28 -1
28 29 0.362
28 30 0.619
28 31 3.999
28 32 3.716
28 33 3.859
28 34 3.606
28 35 4.287
28 36 4.797
28 37 4.561
28 38 7.62
28 39 9.211
28 40 14.412
28 41 9.014
28 42 11.618
28 43 16.771
28 44 9.353
28 45 13.315
28 46 13.171
28 47 11.116
28 48 13.39
28 49 13.395
28 50 8.483
28 51 5.719
29 0 -1
29 1 -1
29 2 -1
29 3 -1
29 4 -1
29 5 -1
29 6 -1
29 7 -1
29 8 -1
29 9 -1
29 10 -1
29 11 -1
29 12 -1
29 13 12.716
29 14 46.742
29 15 -1
29 16 -1
29 17 -1
29 18 46.027
29 19 -1
29 20 54.078
29 21 11.492
29 22 11.042
29 23 13.366
29 24 12.543
29 25 3.423
29 26 2.655
29 27 0.786
29 28 0.285
29 29 -1
29 30 0.496
29 31 3.945
29 32 3.662
29 33 3.805
29 34 3.552
29 35 4.233
29 36 4.743
29 37 4.507
29 38 7.566
29 39 9.157
29 40 14.358
29 41 9.076
29 42 11.68
29 43 16.833
29 44 9.407
29 45 13.377
29 46 13.233
29 47 11.178
29 48 13.452
29 49 13.457
29 50 8.537
29 51 5.773
30 0 -1
30 1 -1
30 2 -1
30 3 -1
30 4 -1
30 5 -1
30 6 -1
30 7 -1
30 8 -1
30 9 -1
30 10 -1
30 11 -1
30 12 -1
30 13 12.413
30 14 46.439
30 15 -1
30 16 -1
30 17 -1
30 18 45.724
30 19 -1
30 20 53.775
30 21 11.189
30 22 10.739
30 23 13.063
30 24 12.24
30 25 3.717
30 26 2.949
30 27 1.08
30 28 0.579
30 29 0.634
30 30 -1
30 31 3.642
30 32 3.359
30 33 3.502
30 34 3.249
30 35 3.93
30 36 4.44
30 37 4.204
30 38 7.263
30 39 8.854
30 40 14.055
30 41 8.773
30 42 11.377
30 43 16.53
30 44 9.104
30 45 13.074
30 46 12.93
30 47 10.875
30 48 13.149
30 49 13.154
30 50 8.234
30 51 5.47
31 0 -1
31 1 -1
31 2 -1
31 3 -1
31 4 -1
31 5 -1
31 6 -1
31 7 -1
31 8 -1
31 9 -1
31 10 -1
31 11 -1
31 12 -1
31 13 15.187
31 14 61.75
31 15 -1
31 16 -1
31 17 -1
31 18 61.035
31 19 -1
31 20 51.28
31 21 13.963
31 22 13.513
31 23 15.837
31 24 15.014
31 25 1.922
31 26 2.828
31 27 2.958
31 28 3.036
31 29 3.091
31 30 3.348
31 31 -1
31 32 0.437
31 33 1.438
31 34 1.185
31 35 1.366
31 36 2.095
31 37 1.859
31 38 3.577
31 39 5.07
31 40 11.56
31 41 11.294
31 42 14.151
31 43 13.726
31 44 10.309
31 45 15.848
31 46 15.704
31 47 13.649
31 48 15.923
31 49 15.928
31 50 11.008
31 51 8.244
32 0 -1
32 1 -1
32 2 -1
32 3 -1
32 4 -1
32 5 -1
32 6 -1
32 7 -1
32 8 -1
32 9 -1
32 10 -1
32 11 -1
32 12 -1
32 13 15.035
32 14 62.033
32 15 -1
32 16 -1
32 17 -1
32 18 61.318
32 19 -1
32 20 51.563
32 21 13.811
32 22 13.361
32 23 15.685
32 24 14.862
32 25 2.205
32 26 3.111
32 27 2.614
32 28 2.936
32 29 2.991
32 30 3.883
32 31 0.282
32 32 -1
32 33 1.286
32 34 1.033
32 35 1.649
32 36 2.528
32 37 2.292
32 38 3.86
32 39 5.353
32 40 11.843
32 41 11.142
32 42 13.999
32 43 19.152
32 44 10.592
32 45 15.696
32 46 15.552
32 47 13.497
32 48 15.771
32 49 15.776
32 50 10.856
32 51 8.092
33 0 -1
33 1 -1
33 2 -1
33 3 -1
33 4 -1
33 5 -1
33 6 -1
33 7 -1
33 8 -1
33 9 -1
33 10 -1
33 11 -1
33 12 -1
33 13 14.249
33 14 62.312
33 15 -1
33 16 -1
33 17 -1
33 18 61.597
33 19 -1
33 20 51.65
33 21 13.025
33 22 12.575
33 23 14.899
33 24 14.076
33 25 3.946
33 26 4.852
33 27 3.649
33 28 3.537
33 29 3.251
33 30 3.097
33 31 1.507
33 32 1.224
33 33 -1
33 34 0.46
33 35 1.696
33 36 1.952
33 37 1.716
33 38 5.138
33 39 6.729
33 40 11.93
33 41 9.58
33 42 13.213
33 43 18.366
33 44 10.94
33 45 14.91
33 46 14.766
33 47 12.711
33 48 14.985
33 49 14.99
33 50 10.07
33 51 7.306
34 0 -1
34 1 -1
34 2 -1
34 3 -1
34 4 -1
34 5 -1
34 6 -1
34 7 -1
34 8 -1
34 9 -1
34 10 -1
34 11 -1
34 12 -1
34 13 14.502
34 14 62.373
34 15 -1
34 16 -1
34 17 -1
34 18 61.658
34 19 -1
34 20 51.903
34 21 13.278
34 22 12.828
34 23 15.152
34 24 14.329
34 25 4.199
34 26 5.105
34 27 3.902
34 28 3.79
34 29 3.504
34 30 3.35
34 31 1.76
34 32 1.477
34 33 0.252
34 34 -1
34 35 1.235
34 36 1.491
34 37 1.255
34 38 3.64
34 39 5.133
34 40 12.183
34 41 9.833
34 42 13.466
34 43 18.619
34 44 11.193
34 45 15.163
34 46 15.019
34 47 12.964
34 48 15.238
34 49 15.243
34 50 10.323
34 51 7.559
35 0 -1
35 1 -1
35 2 -1
35 3 -1
35 4 -1
35 5 -1
35 6 -1
35 7 -1
35 8 -1
35 9 -1
35 10 -1
35 11 -1
35 12 -1
35 13 14.889
35 14 61.737
35 15 -1
35 16 -1
35 17 -1
35 18 61.022
35 19 -1
35 20 51.081
35 21 13.665
35 22 13.215
35 23 15.539
35 24 14.716
35 25 3.371
35 26 4.277
35 27 4.289
35 28 4.177
35 29 3.891
35 30 3.737
35 31 1.411
35 32 1.128
35 33 0.639
35 34 1.1
35 35 -1
35 36 1.173
35 37 0.937
35 38 3.31
35 39 4.803
35 40 11.361
35 41 10.061
35 42 13.853
35 43 19.006
35 44 11.58
35 45 15.55
35 46 15.406
35 47 13.351
35 48 15.625
35 49 15.63
35 50 10.71
35 51 7.946
36 0 -1
36 1 -1
36 2 -1
36 3 -1
36 4 -1
36 5 -1
36 6 -1
36 7 -1
36 8 -1
36 9 -1
36 10 -1
36 11 -1
36 12 -1
36 13 15.699
36 14 61.506
36 15 -1
36 16 -1
36 17 -1
36 18 60.791
36 19 -1
36 20 47.954
36 21 14.475
36 22 14.025
36 23 16.349
36 24 15.526
36 25 4.051
36 26 4.957
36 27 5.099
36 28 4.987
36 29 4.701
36 30 4.547
36 31 1.794
36 32 1.511
36 33 1.446
36 34 1.704
36 35 1.145
36 36 -1
36 37 0.559
36 38 2.773
36 39 4.266
36 40 7.987
36 41 10.59
36 42 12.621
36 43 17.973
36 44 12.39
36 45 16.36
36 46 16.216
36 47 14.161
36 48 16.435
36 49 16.44
36 50 11.52
36 51 8.756
37 0 -1
37 1 -1
37 2 -1
37 3 -1
37 4 -1
37 5 -1
37 6 -1
37 7 -1
37 8 -1
37 9 -1
37 10 -1
37 11 -1
37 12 -1
37 13 15.509
37 14 61.777
37 15 -1
37 16 -1
37 17 -1
37 18 61.062
37 19 -1
37 20 48.225
37 21 14.285
37 22 13.835
37 23 16.159
37 24 15.336
37 25 4.322
37 26 5.228
37 27 4.909
37 28 4.797
37 29 4.511
37 30 4.357
37 31 1.61
37 32 1.327
37 33 1.313
37 34 1.514
37 35 0.864
37 36 0.27
37 37 -1
37 38 3.044
37 39 4.537
37 40 8.258
37 41 10.457
37 42 12.488
37 43 19.626
37 44 12.2
37 45 16.17
37 46 16.026
37 47 13.971
37 48 16.245
37 49 16.25
37 50 11.33
37 51 8.566
38 0 -1
38 1 -1
38 2 -1
38 3 -1
38 4 -1
38 5 -1
38 6 -1
38 7 -1
38 8 -1
38 9 -1
38 10 -1
38 11 -1
38 12 -1
38 13 17.5
38 14 58.446
38 15 -1
38 16 -1
38 17 -1
38 18 57.731
38 19 -1
38 20 46.927
38 21 16.276
38 22 15.826
38 23 34.471
38 24 17.327
38 25 5.545
38 26 6.451
38 27 6.9
38 28 6.788
38 29 6.502
38 30 6.348
38 31 3.595
38 32 3.312
38 33 3.362
38 34 3.505
38 35 3.061
38 36 2.746
38 37 2.475
38 38 -1
38 39 3.239
38 40 6.96
38 41 11.063
38 42 24.743
38 43 19.467
38 44 14.191
38 45 34.619
38 46 35.431
38 47 15.962
38 48 18.236
38 49 18.241
38 50 13.321
38 51 10.557
39 0 -1
39 1 -1
39 2 -1
39 3 -1
39 4 -1
39 5 -1
39 6 -1
39 7 -1
39 8 -1
39 9 -1
39 10 -1
39 11 -1
39 12 -1
39 13 37.42
39 14 56.411
39 15 -1
39 16 -1
39 17 -1
39 18 55.696
39 19 -1
39 20 44.892
39 21 36.196
39 22 35.746
39 23 32.436
39 24 37.247
39 25 8.106
39 26 9.012
39 27 10.115
39 28 10.003
39 29 9.717
39 30 9.563
39 31 6.81
39 32 6.527
39 33 6.973
39 34 6.72
39 35 6.395
39 36 4.966
39 37 4.695
39 38 3.866
39 39 -1
39 40 4.925
39 41 17.78
39 42 22.708
39 43 40.359
39 44 17.406
39 45 32.584
39 46 33.396
39 47 35.882
39 48 38.156
39 49 38.161
39 50 34.927
39 51 13.772
40 0 -1
40 1 -1
40 2 -1
40 3 -1
40 4 -1
40 5 -1
40 6 -1
40 7 -1
40 8 -1
40 9 -1
40 10 -1
40 11 -1
40 12 -1
40 13 35.008
40 14 53.999
40 15 -1
40 16 -1
40 17 -1
40 18 53.284
40 19 -1
40 20 42.48
40 21 33.784
40 22 33.334
40 23 30.024
40 24 34.835
40 25 11.039
40 26 11.945
40 27 15.808
40 28 12.936
40 29 12.65
40 30 12.496
40 31 9.743
40 32 9.46
40 33 9.906
40 34 9.653
40 35 9.328
40 36 6.568
40 37 6.297
40 38 5.468
40 39 2.998
40 40 -1
40 41 15.368
40 42 20.296
40 43 40.292
40 44 26.676
40 45 30.172
40 46 30.984
40 47 33.47
40 48 35.744
40 49 35.749
40 50 32.515
40 51 16.705
41 0 -1
41 1 -1
41 2 -1
41 3 -1
41 4 -1
41 5 -1
41 6 -1
41 7 -1
41 8 -1
41 9 -1
41 10 -1
41 11 -1
41 12 -1
41 13 16.805
41 14 45.316
41 15 -1
41 16 -1
41 17 -1
41 18 44.601
41 19 -1
41 20 33.797
41 21 15.581
41 22 15.131
41 23 21.341
41 24 16.632
41 25 24.116
41 26 25.022
41 27 11.092
41 28 10.98
41 29 10.694
41 30 10.17
41 31 22.82
41 32 22.537
41 33 22.983
41 34 22.73
41 35 22.405
41 36 19.882
41 37 19.611
41 38 16.486
41 39 16.312
41 40 16.839
41 41 -1
41 42 5.519
41 43 32.181
41 44 21.362
41 45 21.489
41 46 22.301
41 47 15.267
41 48 17.541
41 49 17.546
41 50 14.312
41 51 9.319
42 0 -1
42 1 -1
42 2 -1
42 3 -1
42 4 -1
42 5 -1
42 6 -1
42 7 -1
42 8 -1
42 9 -1
42 10 -1
42 11 -1
42 12 -1
42 13 9.717
42 14 40.024
42 15 -1
42 16 -1
42 17 -1
42 18 39.309
42 19 -1
42 20 35.156
42 21 8.493
42 22 8.043
42 23 9.255
42 24 9.544
42 25 12.338
42 26 11.754
42 27 10.616
42 28 10.115
42 29 10.17
42 30 9.721
42 31 12.114
42 32 11.831
42 33 11.32
42 34 11.067
42 35 11.98
42 36 12.172
42 37 11.936
42 38 20.435
42 39 20.261
42 40 20.788
42 41 4.442
42 42 -1
42 43 13.834
42 44 14.274
42 45 9.224
42 46 10.329
42 47 8.179
42 48 10.453
42 49 10.458
42 50 8.291
42 51 8.604
43 0 -1
43 1 -1
43 2 -1
43 3 -1
43 4 -1
43 5 -1
43 6 -1
43 7 -1
43 8 -1
43 9 -1
43 10 -1
43 11 -1
43 12 -1
43 13 7.153
43 14 32.148
43 15 -1
43 16 -1
43 17 -1
43 18 31.433
43 19 -1
43 20 56.4
43 21 6.78
43 22 6.582
43 23 9.439
43 24 5.508
43 25 13.369
43 26 11.383
43 27 17.717
43 28 17.216
43 29 17.271
43 30 16.822
43 31 19.992
43 32 19.709
43 33 19.852
43 34 19.599
43 35 20.28
43 36 19.393
43 37 19.122
43 38 20.095
43 39 42.758
43 40 36.638
43 41 20.65
43 42 14.005
43 43 -1
43 44 4.351
43 45 10.282
43 46 9.294
43 47 6.718
43 48 6.406
43 49 5.526
43 50 7.064
43 51 9.102
44 0 -1
44 1 -1
44 2 -1
44 3 -1
44 4 -1
44 5 -1
44 6 -1
44 7 -1
44 8 -1
44 9 -1
44 10 -1
44 11 -1
44 12 -1
44 13 8.841
44 14 34.791
44 15 -1
44 16 -1
44 17 -1
44 18 34.076
44 19 -1
44 20 59.043
44 21 4.22
44 22 8.27
44 23 11.127
44 24 7.196
44 25 9.044
44 26 8.322
44 27 8.903
44 28 10.071
44 29 10.126
44 30 9.677
44 31 11.481
44 32 12.564
44 33 12.707
44 34 12.454
44 35 12.727
44 36 16.784
44 37 16.513
44 38 17.486
44 39 18.979
44 40 45.536
44 41 34.61
44 42 15.693
44 43 4.386
44 44 -1
44 45 11.97
44 46 10.982
44 47 8.406
44 48 8.094
44 49 3.377
44 50 2.945
44 51 5.66
45 0 -1
45 1 -1
45 2 -1
45 3 -1
45 4 -1
45 5 -1
45 6 -1
45 7 -1
45 8 -1
45 9 -1
45 10 -1
45 11 -1
45 12 -1
45 13 3.177
45 14 30.913
45 15 -1
45 16 -1
45 17 -1
45 18 30.198
45 19 -1
45 20 44.687
45 21 4.592
45 22 4.304
45 23 0.491
45 24 5.809
45 25 16.616
45 26 16.032
45 27 14.894
45 28 14.393
45 29 14.448
45 30 13.999
45 31 17.169
45 32 16.886
45 33 17.029
45 34 16.776
45 35 37.138
45 36 34.615
45 37 34.344
45 38 31.219
45 39 31.045
45 40 31.572
45 41 20.254
45 42 9.317
45 43 10.099
45 44 10.539
45 45 -1
45 46 1.451
45 47 4.44
45 48 3.979
45 49 5.712
45 50 6.06
45 51 9.668
46 0 -1
46 1 -1
46 2 -1
46 3 -1
46 4 -1
46 5 -1
46 6 -1
46 7 -1
46 8 -1
46 9 -1
46 10 -1
46 11 -1
46 12 -1
46 13 2.74
46 14 28.227
46 15 -1
46 16 -1
46 17 -1
46 18 27.512
46 19 -1
46 20 45.794
46 21 4.155
46 22 3.953
46 23 1.211
46 24 5.196
46 25 17.098
46 26 16.514
46 27 15.376
46 28 14.875
46 29 14.93
46 30 14.481
46 31 17.651
46 32 17.368
46 33 17.511
46 34 17.258
46 35 17.939
46 36 35.722
46 37 35.451
46 38 32.326
46 39 32.152
46 40 32.679
46 41 21.361
46 42 10.037
46 43 8.816
46 44 9.256
46 45 1.539
46 46 -1
46 47 4.089
46 48 3.542
46 49 5.275
46 50 6.813
46 51 10.025
47 0 -1
47 1 -1
47 2 -1
47 3 -1
47 4 -1
47 5 -1
47 6 -1
47 7 -1
47 8 -1
47 9 -1
47 10 -1
47 11 -1
47 12 -1
47 13 3.12
47 14 32.796
47 15 -1
47 16 -1
47 17 -1
47 18 32.081
47 19 -1
47 20 48.357
47 21 0.808
47 22 0.83
47 23 4.047
47 24 3.326
47 25 13.241
47 26 12.657
47 27 11.519
47 28 11.018
47 29 11.073
47 30 10.624
47 31 13.794
47 32 13.511
47 33 13.654
47 34 13.401
47 35 14.082
47 36 14.592
47 37 14.356
47 38 17.415
47 39 34.715
47 40 35.242
47 41 14.452
47 42 7.807
47 43 7.616
47 44 7.594
47 45 4.058
47 46 3.914
47 47 -1
47 48 4.235
47 49 1.696
47 50 2.257
47 51 6.312
48 0 -1
48 1 -1
48 2 -1
48 3 -1
48 4 -1
48 5 -1
48 6 -1
48 7 -1
48 8 -1
48 9 -1
48 10 -1
48 11 -1
48 12 -1
48 13 0.957
48 14 30.79
48 15 -1
48 16 -1
48 17 -1
48 18 30.075
48 19 -1
48 20 55.05
48 21 2.5
48 22 2.298
48 23 3.941
48 24 3.541
48 25 15.443
48 26 14.859
48 27 13.721
48 28 13.22
48 29 13.275
48 30 12.826
48 31 15.996
48 32 15.713
48 33 15.856
48 34 15.603
48 35 16.284
48 36 16.794
48 37 16.558
48 38 19.617
48 39 41.408
48 40 41.935
48 41 16.654
48 42 10.009
48 43 6.318
48 44 6.758
48 45 4.244
48 46 3.796
48 47 2.434
48 48 -1
48 49 2.777
48 50 4.315
48 51 10.82
49 0 -1
49 1 -1
49 2 -1
49 3 -1
49 4 -1
49 5 -1
49 6 -1
49 7 -1
49 8 -1
49 9 -1
49 10 -1
49 11 -1
49 12 -1
49 13 3.035
49 14 30.849
49 15 -1
49 16 -1
49 17 -1
49 18 30.134
49 19 -1
49 20 50.683
49 21 0.842
49 22 1.492
49 23 5.321
49 24 1.436
49 25 15.567
49 26 14.983
49 27 13.845
49 28 13.344
49 29 13.399
49 30 12.95
49 31 16.12
49 32 15.837
49 33 15.98
49 34 15.727
49 35 16.408
49 36 16.918
49 37 16.682
49 38 19.741
49 39 37.041
49 40 37.568
49 41 16.778
49 42 10.133
49 43 5.811
49 44 3.71
49 45 5.624
49 46 5.176
49 47 1.445
49 48 2.288
49 49 -1
49 50 1.582
49 51 6.211
50 0 -1
50 1 -1
50 2 -1
50 3 -1
50 4 -1
50 5 -1
50 6 -1
50 7 -1
50 8 -1
50 9 -1
50 10 -1
50 11 -1
50 12 -1
50 13 4.587
50 14 32.401
50 15 -1
50 16 -1
50 17 -1
50 18 31.686
50 19 -1
50 20 47.749
50 21 1.682
50 22 2.332
50 23 6.873
50 24 2.988
50 25 9.097
50 26 7.864
50 27 8.766
50 28 7.886
50 29 7.941
50 30 7.492
50 31 10.652
50 32 10.369
50 33 10.512
50 34 10.259
50 35 10.94
50 36 11.45
50 37 11.214
50 38 14.273
50 39 34.107
50 40 34.634
50 41 13.844
50 42 8.71
50 43 7.363
50 44 2.985
50 45 5.825
50 46 6.728
50 47 2.223
50 48 3.84
50 49 1.686
50 50 -1
50 51 4.579
51 0 -1
51 1 -1
51 2 -1
51 3 -1
51 4 -1
51 5 -1
51 6 -1
51 7 -1
51 8 -1
51 9 -1
51 10 -1
51 11 -1
51 12 -1
51 13 11.699
51 14 45.725
51 15 -1
51 16 -1
51 17 -1
51 18 45.01
51 19 -1
51 20 49.702
51 21 10.475
51 22 10.025
51 23 12.349
51 24 11.526
51 25 4.517
51 26 3.307
51 27 3.129
51 28 3.523
51 29 3.578
51 30 3.129
51 31 6.289
51 32 6.006
51 33 6.149
51 34 5.896
51 35 6.577
51 36 7.087
51 37 6.851
51 38 9.91
51 39 11.501
51 40 16.702
51 41 10.97
51 42 10.663
51 43 10.549
51 44 7.132
51 45 12.36
51 46 12.216
51 47 10.161
51 48 12.435
51 49 12.44
51 50 7.396
51 51 -1
;