set nodes := 0 1 2 3 4 5 6 7 8 9 10 11 12 13 14 15 16 17 18 19 20 21 22 23 24 25 26 27 28 29 30 31 32 33 34 35 36 37 38 39 40 41 42 43 44 45 46 47 48 49 50 51 ;

param start_node := 0 ;

param end_node := 51 ;

param max_capacity := 57.5 ;

param min_capacity := 2.875 ;

param start_capacity := 57.5 ;

param car_efficiency := 0.1513157894736842 ;

param max_charge_time := 0.75 ;

param min_charge_time := 0.25 ;

param charger_power :=
0 0
1 95.0
2 11.0
3 11.0
4 11.0
5 95.0
6 95.0
7 75.0
8 11.0
9 95.0
10 75.0
11 50.0
12 75.0
13 95.0
14 50.0
15 95.0
16 75.0
17 95.0
18 75.0
19 95.0
20 50.0
21 50.0
22 11.0
23 50.0
24 95.0
25 11.0
26 95.0
27 50.0
28 95.0
29 95.0
30 95.0
31 95.0
32 95.0
33 7.0
34 7.0
35 7.0
36 7.0
37 75.0
38 75.0
39 11.0
40 50.0
41 50.0
42 50.0
43 95.0
44 50.0
45 50.0
46 50.0
47 50.0
48 75.0
49 11.0
50 50.0
51 0
;

param arc_time :=
0 0 -1
0 1 2.2747216666666668
0 2 1.3591666666666666
0 3 1.3591666666666666
0 4 0.4675
0 5 2.150278333333333
0 6 2.0847216666666664
0 7 2.0900000000000003
0 8 0.9236116666666666
0 9 1.0097216666666666
0 10 -1
0 11 0.8450000000000001
0 12 2.1308333333333334
0 13 2.1761116666666664
0 14 1.3036116666666666
0 15 -1
0 16 2.1861116666666667
0 17 0.9908333333333333
0 18 2.069166666666667
0 19 2.2336116666666666
0 20 1.1402783333333335
0 21 1.0252783333333333
0 22 0.09333333333333332
0 23 0.21
0 24 2.146945
0 25 1.1688883333333335
0 26 -1
0 27 0.8961116666666666
0 28 2.218055
0 29 -1
0 30 -1
0 31 -1
0 32 -1
0 33 -1
0 34 -1
0 35 -1
0 36 -1
0 37 2.115
0 38 2.1133333333333333
0 39 0.371945
0 40 1.4780550000000001
0 41 0.9822216666666667
0 42 0.8611116666666666
0 43 2.251945
0 44 0.6508333333333333
0 45 1.176945
0 46 0.9558333333333333
0 47 1.4702783333333334
0 48 1.6883333333333332
0 49 1.698055
0 50 1.1416666666666666
0 51 -1
1 0 2.285555
1 1 -1
1 2 2.025
1 3 2.025
1 4 2.065
1 5 0.27666666666666667
1 6 0.42083333333333334
1 7 0.42638833333333337
1 8 1.6288883333333333
1 9 1.663055
1 10 0.7972216666666667
1 11 1.5913883333333334
1 12 0.41833333333333333
1 13 0.3925
1 14 1.1183333333333332
1 15 0.8277783333333333
1 16 0.48500000000000004
1 17 1.6658333333333333
1 18 0.5638883333333333
1 19 0.37
1 20 1.315555
1 21 1.4261116666666667
1 22 2.221388333333333
1 23 2.207221666666667
1 24 0.5308333333333334
1 25 1.4527783333333335
1 26 -1
1 27 1.6472216666666666
1 28 0.513055
1 29 -1
1 30 -1
1 31 -1
1 32 -1
1 33 -1
1 34 -1
1 35 -1
1 36 -1
1 37 0.540555
1 38 0.5788883333333333
1 39 2.4327783333333333
1 40 1.191945
1 41 1.676945
1 42 1.6641666666666666
1 43 0.5158333333333334
1 44 1.7352783333333333
1 45 1.598055
1 46 1.6063883333333335
1 47 1.1838883333333332
1 48 0.8061116666666667
1 49 0.7061116666666667
1 50 1.6102783333333333
1 51 -1
2 0 1.3683333333333332
2 1 2.0047216666666667
2 2 -1
2 3 -1
2 4 1.148055
2 5 1.8802783333333333
2 6 1.8147216666666668
2 7 1.82
2 8 0.5836116666666666
2 9 0.7191666666666666
2 10 2.3636116666666664
2 11 0.5280549999999999
2 12 1.8608333333333333
2 13 1.9061116666666666
2 14 1.0336116666666666
2 15 2.3988883333333333
2 16 1.9161116666666667
2 17 0.5286116666666667
2 18 1.7991666666666668
2 19 1.9636116666666665
2 20 0.8702783333333334
2 21 0.7513883333333333
2 22 1.304445
2 23 1.2902783333333334
2 24 1.8769449999999999
2 25 0.9152783333333333
2 26 -1
2 27 0.534445
2 28 1.948055
2 29 -1
2 30 -1
2 31 -1
2 32 -1
2 33 -1
2 34 -1
2 35 -1
2 36 -1
2 37 1.845
2 38 1.8433333333333333
2 39 1.5158333333333334
2 40 1.208055
2 41 0.4386116666666667
2 42 0.6549999999999999
2 43 1.981945
2 44 0.8183333333333334
2 45 0.7133333333333333
2 46 0.4597216666666667
2 47 1.2002783333333333
2 48 1.4183333333333332
2 49 1.4283333333333335
2 50 0.820555
2 51 -1
3 0 1.3683333333333332
3 1 2.0047216666666667
3 2 -1
3 3 -1
3 4 1.148055
3 5 1.8802783333333333
3 6 1.8147216666666668
3 7 1.82
3 8 0.5836116666666666
3 9 0.7191666666666666
3 10 2.3636116666666664
3 11 0.5280549999999999
3 12 1.8608333333333333
3 13 1.9061116666666666
3 14 1.0336116666666666
3 15 2.3988883333333333
3 16 1.9161116666666667
3 17 0.5286116666666667
3 18 1.7991666666666668
3 19 1.9636116666666665
3 20 0.8702783333333334
3 21 0.7513883333333333
3 22 1.304445
3 23 1.2902783333333334
3 24 1.8769449999999999
3 25 0.9152783333333333
3 26 -1
3 27 0.534445
3 28 1.948055
3 29 -1
3 30 -1
3 31 -1
3 32 -1
3 33 -1
3 34 -1
3 35 -1
3 36 -1
3 37 1.845
3 38 1.8433333333333333
3 39 1.5158333333333334
3 40 1.208055
3 41 0.4386116666666667
3 42 0.6549999999999999
3 43 1.981945
3 44 0.8183333333333334
3 45 0.7133333333333333
3 46 0.4597216666666667
3 47 1.2002783333333333
3 48 1.4183333333333332
3 49 1.4283333333333335
3 50 0.820555
3 51 -1
4 0 0.47361166666666665
4 1 2.045
4 2 1.129445
4 3 1.129445
4 4 -1
4 5 1.920555
4 6 1.855
4 7 1.8602783333333333
4 8 0.6938883333333333
4 9 0.7799999999999999
4 10 2.4038883333333336
4 11 0.6152783333333333
4 12 1.9011116666666665
4 13 1.9461116666666667
4 14 1.0738883333333333
4 15 2.4391666666666665
4 16 1.9563883333333334
4 17 0.7611116666666666
4 18 1.839445
4 19 2.0038883333333333
4 20 0.9102783333333334
4 21 0.795555
4 22 0.4097216666666667
4 23 0.395555
4 24 1.9172216666666666
4 25 0.9388883333333333
4 26 -1
4 27 0.6663883333333334
4 28 1.9883333333333333
4 29 -1
4 30 -1
4 31 -1
4 32 -1
4 33 -1
4 34 -1
4 35 -1
4 36 -1
4 37 1.8852783333333332
4 38 1.8833333333333333
4 39 0.6208333333333333
4 40 1.2483333333333335
4 41 0.7525
4 42 0.6313883333333333
4 43 2.0222216666666664
4 44 0.42083333333333334
4 45 0.9472216666666667
4 46 0.7258333333333333
4 47 1.2402783333333334
4 48 1.4586116666666666
4 49 1.4683333333333333
4 50 0.911945
4 51 -1
5 0 2.173888333333333
5 1 0.2536116666666667
5 2 1.9133333333333333
5 3 1.9133333333333333
5 4 1.9533333333333334
5 5 -1
5 6 0.309445
5 7 0.315
5 8 1.5172216666666667
5 9 1.5513883333333331
5 10 0.6858333333333333
5 11 1.48
5 12 0.30694499999999997
5 13 0.399445
5 14 1.006945
5 15 0.7191666666666666
5 16 0.3736116666666666
5 17 1.554445
5 18 0.45222166666666663
5 19 0.25833333333333336
5 20 1.2038883333333332
5 21 1.3147216666666668
5 22 2.11
5 23 2.095833333333333
5 24 0.41944499999999996
5 25 1.3411116666666667
5 26 -1
5 27 1.5358333333333334
5 28 0.40166666666666667
5 29 -1
5 30 -1
5 31 -1
5 32 -1
5 33 -1
5 34 -1
5 35 -1
5 36 -1
5 37 0.4288883333333333
5 38 0.4672216666666667
5 39 2.3211116666666665
5 40 1.0802783333333332
5 41 1.5652783333333333
5 42 1.5525
5 43 0.4041666666666667
5 44 1.6238883333333334
5 45 1.4866666666666668
5 46 1.4947216666666667
5 47 1.0725
5 48 0.6947216666666667
5 49 0.5947216666666667
5 50 1.4986116666666667
5 51 -1
6 0 2.0716666666666668
6 1 0.38055500000000003
6 2 1.8111116666666667
6 3 1.8111116666666667
6 4 1.8511116666666667
6 5 0.2561116666666667
6 6 -1
6 7 0.07777833333333332
6 8 1.415
6 9 1.4491666666666667
6 10 0.7816666666666666
6 11 1.3777783333333333
6 12 0.19166666666666668
6 13 0.21027833333333332
6 14 0.9047216666666666
6 15 0.8008333333333333
6 16 0.469445
6 17 1.4522216666666667
6 18 0.30305499999999996
6 19 0.354445
6 20 1.1016666666666666
6 21 1.2125
6 22 2.0077783333333334
6 23 1.9936116666666666
6 24 0.4927783333333334
6 25 1.2388883333333331
6 26 -1
6 27 1.4336116666666667
6 28 0.2863883333333333
6 29 -1
6 30 -1
6 31 -1
6 32 -1
6 33 -1
6 34 -1
6 35 -1
6 36 -1
6 37 0.28583333333333333
6 38 0.3608333333333333
6 39 2.218888333333333
6 40 0.978055
6 41 1.463055
6 42 1.4502783333333333
6 43 0.31888833333333333
6 44 1.5216666666666667
6 45 1.384445
6 46 1.3924999999999998
6 47 0.9702783333333334
6 48 0.5924999999999999
6 49 0.4925
6 50 1.3963883333333333
6 51 -1
7 0 2.1002783333333332
7 1 0.415
7 2 1.8397216666666667
7 3 1.8397216666666667
7 4 1.8797216666666665
7 5 0.290555
7 6 0.08361166666666667
7 7 -1
7 8 1.4436116666666665
7 9 1.4777783333333334
7 10 0.8047216666666667
7 11 1.4061116666666666
7 12 0.20361166666666666
7 13 0.27527833333333335
7 14 0.933055
7 15 0.8125
7 16 0.4925
7 17 1.4805549999999998
7 18 0.33166666666666667
7 19 0.3772216666666666
7 20 1.1302783333333333
7 21 1.2408333333333335
7 22 2.0363883333333335
7 23 2.0222216666666664
7 24 0.5213883333333333
7 25 1.2674999999999998
7 26 -1
7 27 1.461945
7 28 0.29805499999999996
7 29 -1
7 30 -1
7 31 -1
7 32 -1
7 33 -1
7 34 -1
7 35 -1
7 36 -1
7 37 0.2388883333333333
7 38 0.3138883333333334
7 39 2.2475
7 40 1.0066666666666666
7 41 1.4916666666666667
7 42 1.4788883333333334
7 43 0.33083333333333337
7 44 1.55
7 45 1.413055
7 46 1.4211116666666668
7 47 0.9986116666666667
7 48 0.6208333333333333
7 49 0.5208333333333334
7 50 1.425
7 51 -1
8 0 0.9486116666666666
8 1 1.5997216666666667
8 2 0.5547216666666667
8 3 0.5547216666666667
8 4 0.728055
8 5 1.4752783333333332
8 6 1.4097216666666665
8 7 1.415
8 8 -1
8 9 0.3141666666666667
8 10 1.9586116666666666
8 11 0.2011116666666667
8 12 1.4558333333333333
8 13 1.5011116666666666
8 14 0.6286116666666667
8 15 1.9938883333333335
8 16 1.5111116666666669
8 17 0.1825
8 18 1.3941666666666668
8 19 1.5586116666666667
8 20 0.4652783333333333
8 21 0.35027833333333336
8 22 0.8847216666666667
8 23 0.870555
8 24 1.471945
8 25 0.4938883333333333
8 26 -1
8 27 0.08333333333333333
8 28 1.5430549999999998
8 29 -1
8 30 -1
8 31 -1
8 32 -1
8 33 -1
8 34 -1
8 35 -1
8 36 -1
8 37 1.4400000000000002
8 38 1.4383333333333332
8 39 1.0958333333333334
8 40 0.8030550000000001
8 41 0.18027833333333335
8 42 0.18138833333333335
8 43 1.5769449999999998
8 44 0.39861166666666664
8 45 0.381945
8 46 0.160555
8 47 0.7952783333333334
8 48 1.0133333333333332
8 49 1.0233333333333332
8 50 0.366945
8 51 -1
9 0 0.9977783333333333
9 1 1.6583333333333334
9 2 0.7216666666666666
9 3 0.7216666666666666
9 4 0.7772216666666666
9 5 1.5341666666666667
9 6 1.4686116666666666
9 7 1.4738883333333335
9 8 0.325555
9 9 -1
9 10 2.0175
9 11 0.3038883333333333
9 12 1.5147216666666667
9 13 1.5597216666666667
9 14 0.6875
9 15 2.0527783333333334
9 16 1.57
9 17 0.3627783333333333
9 18 1.453055
9 19 1.6172216666666666
9 20 0.5238883333333333
9 21 0.4091666666666667
9 22 0.9338883333333333
9 23 0.9197216666666667
9 24 1.5308333333333333
9 25 0.5525
9 26 -1
9 27 0.3441666666666666
9 28 1.6016666666666666
9 29 -1
9 30 -1
9 31 -1
9 32 -1
9 33 -1
9 34 -1
9 35 -1
9 36 -1
9 37 1.4986116666666667
9 38 1.496945
9 39 1.145
9 40 0.8619450000000001
9 41 0.3736116666666666
9 42 0.3763883333333334
9 43 1.635555
9 44 0.44777833333333333
9 45 0.5488883333333334
9 46 0.32749999999999996
9 47 0.8538883333333334
9 48 1.0722216666666666
9 49 1.0819450000000002
9 50 0.35583333333333333
9 51 -1
10 0 -1
10 1 0.8061116666666667
10 2 2.372221666666667
10 3 2.372221666666667
10 4 2.412221666666667
10 5 0.6816666666666666
10 6 0.8047216666666667
10 7 0.8036116666666667
10 8 1.9761116666666667
10 9 2.0102783333333334
10 10 -1
10 11 1.9388883333333333
10 12 0.795555
10 13 0.895
10 14 1.458055
10 15 0.8488883333333334
10 16 0.6227783333333333
10 17 2.013055
10 18 0.9408333333333334
10 19 0.564445
10 20 1.6627783333333332
10 21 1.7736116666666668
10 22 -1
10 23 -1
10 24 0.6686116666666667
10 25 1.8
10 26 -1
10 27 1.994445
10 28 0.8902783333333333
10 29 -1
10 30 -1
10 31 -1
10 32 -1
10 33 -1
10 34 -1
10 35 -1
10 36 -1
10 37 0.9175
10 38 0.9516666666666667
10 39 -1
10 40 1.5238883333333333
10 41 2.024166666666667
10 42 2.0113883333333336
10 43 0.8941666666666667
10 44 2.082778333333333
10 45 1.945555
10 46 1.9536116666666667
10 47 1.5161116666666667
10 48 1.1833333333333333
10 49 1.0275
10 50 1.9575
10 51 -1
11 0 0.845555
11 1 1.5658333333333334
11 2 0.541945
11 3 0.541945
11 4 0.6252783333333334
11 5 1.4413883333333333
11 6 1.3758333333333332
11 7 1.3811116666666665
11 8 0.17583333333333334
11 9 0.30083333333333334
11 10 1.9247216666666667
11 11 -1
11 12 1.421945
11 13 1.4672216666666666
11 14 0.5947216666666667
11 15 1.96
11 16 1.4772216666666667
11 17 0.255
11 18 1.3602783333333333
11 19 1.5247216666666668
11 20 0.4313883333333333
11 21 0.3163883333333333
11 22 0.7816666666666666
11 23 0.7675
11 24 1.4380549999999999
11 25 0.46
11 26 -1
11 27 0.109445
11 28 1.5091666666666665
11 29 -1
11 30 -1
11 31 -1
11 32 -1
11 33 -1
11 34 -1
11 35 -1
11 36 -1
11 37 1.4061116666666666
11 38 1.404445
11 39 0.993055
11 40 0.7691666666666667
11 41 0.16472166666666668
11 42 0.17361166666666666
11 43 1.5430549999999998
11 44 0.295555
11 45 0.468055
11 46 0.24694500000000003
11 47 0.7613883333333333
11 48 0.979445
11 49 0.9891666666666666
11 50 0.4327783333333333
11 51 -1
12 0 2.0977783333333333
12 1 0.391945
12 2 1.8375
12 3 1.8375
12 4 1.8775000000000002
12 5 0.2675
12 6 0.2125
12 7 0.21111166666666667
12 8 1.4411116666666668
12 9 1.4752783333333332
12 10 0.7783333333333334
12 11 1.4038883333333334
12 12 -1
12 13 0.3025
12 14 0.9308333333333334
12 15 0.7861116666666667
12 16 0.483055
12 17 1.4783333333333333
12 18 0.3761116666666667
12 19 0.35083333333333333
12 20 1.128055
12 21 1.2386116666666667
12 22 2.033888333333333
12 23 2.019721666666667
12 24 0.5058333333333334
12 25 1.2650000000000001
12 26 -1
12 27 1.4597216666666666
12 28 0.09444499999999999
12 29 -1
12 30 -1
12 31 -1
12 32 -1
12 33 -1
12 34 -1
12 35 -1
12 36 -1
12 37 0.21888833333333332
12 38 0.20194499999999999
12 39 2.2452783333333333
12 40 1.0041666666666667
12 41 1.4891666666666665
12 42 1.4763883333333332
12 43 0.12722166666666668
12 44 1.5477783333333333
12 45 1.410555
12 46 1.4186116666666666
12 47 0.9963883333333333
12 48 0.6186116666666667
12 49 0.5186116666666667
12 50 1.4224999999999999
12 51 -1
13 0 2.1886116666666666
13 1 0.41027833333333336
13 2 1.928055
13 3 1.928055
13 4 1.9680549999999999
13 5 0.37305499999999997
13 6 0.20833333333333334
13 7 0.28388833333333335
13 8 1.5319450000000001
13 9 1.5661116666666668
13 10 0.8986116666666667
13 11 1.4947216666666667
13 12 0.3086116666666667
13 13 -1
13 14 1.0216666666666667
13 15 0.9177783333333333
13 16 0.5863883333333334
13 17 1.5691666666666668
13 18 0.40861166666666665
13 19 0.47138833333333335
13 20 1.2188883333333334
13 21 1.329445
13 22 2.124721666666667
13 23 2.110555
13 24 0.6097216666666667
13 25 1.3558333333333332
13 26 -1
13 27 1.550555
13 28 0.4033333333333333
13 29 -1
13 30 -1
13 31 -1
13 32 -1
13 33 -1
13 34 -1
13 35 -1
13 36 -1
13 37 0.416945
13 38 0.49166666666666664
13 39 2.3358333333333334
13 40 1.095
13 41 1.5799999999999998
13 42 1.5672216666666665
13 43 0.4358333333333333
13 44 1.6386116666666666
13 45 1.5013883333333333
13 46 1.509445
13 47 1.0872216666666668
13 48 0.709445
13 49 0.6094449999999999
13 50 1.5133333333333332
13 51 -1
14 0 1.3175
14 1 1.0983333333333334
14 2 1.056945
14 3 1.056945
14 4 1.096945
14 5 0.9738883333333334
14 6 0.9083333333333333
14 7 0.9136116666666666
14 8 0.6608333333333333
14 9 0.6950000000000001
14 10 1.4572216666666666
14 11 0.6233333333333333
14 12 0.954445
14 13 0.999445
14 14 -1
14 15 1.4925
14 16 1.0097216666666666
14 17 0.6977783333333334
14 18 0.8927783333333333
14 19 1.0572216666666667
14 20 0.34750000000000003
14 21 0.458055
14 22 1.2533333333333334
14 23 1.2391666666666665
14 24 0.970555
14 25 0.48472166666666666
14 26 -1
14 27 0.6791666666666667
14 28 1.0416666666666667
14 29 -1
14 30 -1
14 31 -1
14 32 -1
14 33 -1
14 34 -1
14 35 -1
14 36 -1
14 37 0.9386116666666666
14 38 0.9366666666666668
14 39 1.4647216666666667
14 40 0.26916666666666667
14 41 0.7088883333333332
14 42 0.6961116666666667
14 43 1.075555
14 44 0.7672216666666666
14 45 0.63
14 46 0.6383333333333333
14 47 0.2611116666666667
14 48 0.511945
14 49 0.5216666666666667
14 50 0.6422216666666666
14 51 -1
15 0 -1
15 1 0.8188883333333333
15 2 2.3902783333333333
15 3 2.3902783333333333
15 4 2.4302783333333333
15 5 0.6947216666666667
15 6 0.7930550000000001
15 7 0.7916666666666666
15 8 1.9941666666666669
15 9 2.0283333333333333
15 10 0.8200000000000001
15 11 1.9566666666666668
15 12 0.7836116666666667
15 13 0.883055
15 14 1.4836116666666668
15 15 -1
15 16 0.819445
15 17 2.0311116666666664
15 18 0.9291666666666667
15 19 0.7041666666666667
15 20 1.6808333333333332
15 21 1.7913883333333334
15 22 -1
15 23 -1
15 24 0.8652783333333333
15 25 1.818055
15 26 -1
15 27 2.0125
15 28 0.8783333333333334
15 29 -1
15 30 -1
15 31 -1
15 32 -1
15 33 -1
15 34 -1
15 35 -1
15 36 -1
15 37 0.9058333333333334
15 38 0.9441666666666666
15 39 -1
15 40 1.5572216666666667
15 41 2.042221666666667
15 42 2.029445
15 43 0.8825000000000001
15 44 2.100555
15 45 1.9633333333333334
15 46 1.9716666666666667
15 47 1.5491666666666668
15 48 1.1713883333333333
15 49 1.0713883333333334
15 50 1.975555
15 51 -1
16 0 2.167778333333333
16 1 0.43555499999999997
16 2 1.9075
16 3 1.9075
16 4 1.9475
16 5 0.3111116666666666
16 6 0.434445
16 7 0.433055
16 8 1.5111116666666669
16 9 1.5452783333333333
16 10 0.5883333333333333
16 11 1.4738883333333335
16 12 0.425
16 13 0.5244449999999999
16 14 0.993055
16 15 0.8
16 16 -1
16 17 1.5483333333333333
16 18 0.5297216666666666
16 19 0.19388833333333333
16 20 1.198055
16 21 1.3086116666666667
16 22 2.1038883333333334
16 23 2.0897216666666667
16 24 0.20361166666666666
16 25 1.335
16 26 -1
16 27 1.5297216666666666
16 28 0.4766666666666667
16 29 -1
16 30 -1
16 31 -1
16 32 -1
16 33 -1
16 34 -1
16 35 -1
16 36 -1
16 37 0.5066666666666666
16 38 0.5172216666666667
16 39 2.315278333333333
16 40 1.0588883333333332
16 41 1.5591666666666666
16 42 1.5463883333333333
16 43 0.4511116666666667
16 44 1.6177783333333333
16 45 1.4805549999999998
16 46 1.4886116666666667
16 47 1.0511116666666667
16 48 0.8
16 49 0.5627783333333334
16 50 1.4925
16 51 -1
17 0 1.0163883333333332
17 1 1.6675
17 2 0.5463883333333333
17 3 0.5463883333333333
17 4 0.7958333333333333
17 5 1.5430549999999998
17 6 1.4775
17 7 1.4827783333333333
17 8 0.19499999999999998
17 9 0.38166666666666665
17 10 2.0263883333333332
17 11 0.23666666666666666
17 12 1.5236116666666668
17 13 1.5686116666666665
17 14 0.6963883333333333
17 15 2.0616666666666665
17 16 1.5788883333333332
17 17 -1
17 18 1.461945
17 19 1.6263883333333333
17 20 0.5327783333333334
17 21 0.4327783333333333
17 22 0.9525
17 23 0.9383333333333332
17 24 1.5397216666666667
17 25 0.5613883333333334
17 26 -1
17 27 0.17305500000000001
17 28 1.6108333333333333
17 29 -1
17 30 -1
17 31 -1
17 32 -1
17 33 -1
17 34 -1
17 35 -1
17 36 -1
17 37 1.5077783333333334
17 38 1.5058333333333331
17 39 1.1636116666666667
17 40 0.8708333333333333
17 41 0.089445
17 42 0.2816666666666666
17 43 1.6447216666666666
17 44 0.46611166666666665
17 45 0.39277833333333334
17 46 0.15055500000000002
17 47 0.8627783333333333
17 48 1.0811116666666665
17 49 1.0908333333333333
17 50 0.4672216666666667
17 51 -1
18 0 2.053611666666667
18 1 0.4925
18 2 1.7933333333333332
18 3 1.7933333333333332
18 4 1.8333333333333333
18 5 0.368055
18 6 0.29722166666666666
18 7 0.3025
18 8 1.3969449999999999
18 9 1.4311116666666666
18 10 0.8786116666666667
18 11 1.3597216666666665
18 12 0.34861166666666665
18 13 0.3886116666666667
18 14 0.8866666666666667
18 15 0.8866666666666667
18 16 0.534445
18 17 1.4341666666666666
18 18 -1
18 19 0.45138833333333334
18 20 1.0838883333333333
18 21 1.1944450000000002
18 22 1.9897216666666668
18 23 1.975555
18 24 0.4952783333333333
18 25 1.2208333333333334
18 26 -1
18 27 1.4155550000000001
18 28 0.4561116666666667
18 29 -1
18 30 -1
18 31 -1
18 32 -1
18 33 -1
18 34 -1
18 35 -1
18 36 -1
18 37 0.33277833333333334
18 38 0.35138833333333336
18 39 2.201111666666667
18 40 0.9600000000000001
18 41 1.445
18 42 1.4322216666666667
18 43 0.49
18 44 1.5036116666666668
18 45 1.3663883333333333
18 46 1.3744450000000001
18 47 0.9522216666666666
18 48 0.5744450000000001
18 49 0.46611166666666665
18 50 1.3783333333333334
18 51 -1
19 0 2.1980549999999996
19 1 0.3416666666666667
19 2 1.9375
19 3 1.9375
19 4 1.9775
19 5 0.21722166666666667
19 6 0.3402783333333333
19 7 0.33888833333333335
19 8 1.5413883333333334
19 9 1.575555
19 10 0.558055
19 11 1.5041666666666667
19 12 0.3311116666666667
19 13 0.430555
19 14 1.0311116666666666
19 15 0.7058333333333333
19 16 0.24583333333333332
19 17 1.5783333333333334
19 18 0.47638833333333336
19 19 -1
19 20 1.2280550000000001
19 21 1.3388883333333332
19 22 2.1341666666666668
19 23 2.12
19 24 0.2916666666666667
19 25 1.3652783333333334
19 26 -1
19 27 1.5597216666666667
19 28 0.42583333333333334
19 29 -1
19 30 -1
19 31 -1
19 32 -1
19 33 -1
19 34 -1
19 35 -1
19 36 -1
19 37 0.453055
19 38 0.4913883333333333
19 39 2.3452783333333334
19 40 1.104445
19 41 1.589445
19 42 1.5766666666666667
19 43 0.42972166666666667
19 44 1.648055
19 45 1.5108333333333335
19 46 1.5188883333333334
19 47 1.0966666666666667
19 48 0.7188883333333334
19 49 0.6188883333333333
19 50 1.5227783333333333
19 51 -1
20 0 1.1375
20 1 1.2897216666666667
20 2 0.876945
20 3 0.876945
20 4 0.916945
20 5 1.1652783333333334
20 6 1.0997216666666667
20 7 1.105
20 8 0.48083333333333333
20 9 0.515
20 10 1.6486116666666668
20 11 0.4436116666666667
20 12 1.1458333333333333
20 13 1.1911116666666668
20 14 0.3186116666666667
20 15 1.6838883333333332
20 16 1.2011116666666666
20 17 0.518055
20 18 1.0841666666666667
20 19 1.2486116666666667
20 20 -1
20 21 0.2783333333333333
20 22 1.0736116666666669
20 23 1.059445
20 24 1.161945
20 25 0.22027833333333333
20 26 -1
20 27 0.499445
20 28 1.233055
20 29 -1
20 30 -1
20 31 -1
20 32 -1
20 33 -1
20 34 -1
20 35 -1
20 36 -1
20 37 1.13
20 38 1.1283333333333334
20 39 1.2847216666666665
20 40 0.493055
20 41 0.5288883333333333
20 42 0.5161116666666666
20 43 1.266945
20 44 0.5875
20 45 0.45027833333333334
20 46 0.4583333333333333
20 47 0.48527833333333337
20 48 0.7033333333333334
20 49 0.713055
20 50 0.46222166666666664
20 51 -1
21 0 1.036945
21 1 1.4386116666666666
21 2 0.7763883333333333
21 3 0.7763883333333333
21 4 0.8163883333333334
21 5 1.3141666666666665
21 6 1.2486116666666667
21 7 1.2538883333333333
21 8 0.38027833333333333
21 9 0.414445
21 10 1.7974999999999999
21 11 0.343055
21 12 1.2947216666666668
21 13 1.3397216666666667
21 14 0.4675
21 15 1.8327783333333334
21 16 1.35
21 17 0.41750000000000004
21 18 1.233055
21 19 1.3975
21 20 0.3086116666666667
21 21 -1
21 22 0.973055
21 23 0.9588883333333332
21 24 1.3108333333333335
21 25 0.25
21 26 -1
21 27 0.39888833333333334
21 28 1.3819450000000002
21 29 -1
21 30 -1
21 31 -1
21 32 -1
21 33 -1
21 34 -1
21 35 -1
21 36 -1
21 37 1.2788883333333334
21 38 1.276945
21 39 1.1841666666666666
21 40 0.641945
21 41 0.42833333333333334
21 42 0.415555
21 43 1.4158333333333333
21 44 0.486945
21 45 0.17666666666666667
21 46 0.359445
21 47 0.6338883333333333
21 48 0.8522216666666667
21 49 0.8619450000000001
21 50 0.286945
21 51 -1
22 0 0.07
22 1 2.2044449999999998
22 2 1.2891666666666666
22 3 1.2891666666666666
22 4 0.3972216666666667
22 5 2.08
22 6 2.014445
22 7 2.02
22 8 0.8533333333333334
22 9 0.9397216666666667
22 10 -1
22 11 0.7747216666666666
22 12 2.060555
22 13 2.1058333333333334
22 14 1.2333333333333334
22 15 -1
22 16 2.116111666666667
22 17 0.920555
22 18 1.9988883333333334
22 19 2.1633333333333336
22 20 1.07
22 21 0.955
22 22 -1
22 23 0.15027833333333335
22 24 2.0766666666666667
22 25 1.0986116666666668
22 26 -1
22 27 0.8258333333333333
22 28 2.1477783333333336
22 29 -1
22 30 -1
22 31 -1
22 32 -1
22 33 -1
22 34 -1
22 35 -1
22 36 -1
22 37 2.0447216666666668
22 38 2.043055
22 39 0.301945
22 40 1.4077783333333334
22 41 0.911945
22 42 0.7908333333333334
22 43 2.1816666666666666
22 44 0.580555
22 45 1.1066666666666667
22 46 0.885555
22 47 1.4
22 48 1.6180549999999998
22 49 1.628055
22 50 1.0713883333333334
22 51 -1
23 0 0.21777833333333335
23 1 2.1822216666666665
23 2 1.266945
23 3 1.266945
23 4 0.375
23 5 2.0577783333333333
23 6 1.9922216666666666
23 7 1.9974999999999998
23 8 0.8311116666666667
23 9 0.9172216666666666
23 10 -1
23 11 0.7525
23 12 2.038333333333333
23 13 2.0836116666666666
23 14 1.2111116666666668
23 15 -1
23 16 2.0936116666666664
23 17 0.8983333333333333
23 18 1.9766666666666666
23 19 2.1411116666666667
23 20 1.0477783333333333
23 21 0.9327783333333334
23 22 0.15388833333333332
23 23 -1
23 24 2.054445
23 25 1.0763883333333333
23 26 -1
23 27 0.8036116666666667
23 28 2.125555
23 29 -1
23 30 -1
23 31 -1
23 32 -1
23 33 -1
23 34 -1
23 35 -1
23 36 -1
23 37 2.0225
23 38 2.0208333333333335
23 39 0.3652783333333333
23 40 1.385555
23 41 0.8897216666666666
23 42 0.7686116666666667
23 43 2.159445
23 44 0.5583333333333333
23 45 1.0844449999999999
23 46 0.8633333333333333
23 47 1.3777783333333333
23 48 1.5958333333333334
23 49 1.6058333333333332
23 50 1.0491666666666668
23 51 -1
24 0 2.1633333333333336
24 1 0.551945
24 2 1.903055
24 3 1.903055
24 4 1.943055
24 5 0.4277783333333333
24 6 0.5288883333333333
24 7 0.5341666666666666
24 8 1.5066666666666668
24 9 1.5408333333333333
24 10 0.705
24 11 1.4694450000000001
24 12 0.5225000000000001
24 13 0.6202783333333334
24 14 0.9886116666666667
24 15 0.9163883333333334
24 16 0.2575
24 17 1.5438883333333335
24 18 0.5252783333333333
24 19 0.31055499999999997
24 20 1.1936116666666665
24 21 1.3041666666666667
24 22 2.0994450000000002
24 23 2.085278333333333
24 24 -1
24 25 1.3308333333333333
24 26 -1
24 27 1.5252783333333333
24 28 0.5213883333333333
24 29 -1
24 30 -1
24 31 -1
24 32 -1
24 33 -1
24 34 -1
24 35 -1
24 36 -1
24 37 0.5022216666666667
24 38 0.48222166666666666
24 39 2.3108333333333335
24 40 1.054445
24 41 1.5547216666666666
24 42 1.5422216666666666
24 43 0.5383333333333333
24 44 1.6133333333333333
24 45 1.4761116666666667
24 46 1.4841666666666666
24 47 1.0466666666666666
24 48 0.795555
24 49 0.5583333333333333
24 50 1.4883333333333333
24 51 -1
25 0 1.1733333333333333
25 1 1.45
25 2 0.913055
25 3 0.913055
25 4 0.9530550000000001
25 5 1.325555
25 6 1.26
25 7 1.265555
25 8 0.516945
25 9 0.5511116666666667
25 10 1.8088883333333332
25 11 0.479445
25 12 1.3061116666666666
25 13 1.3513883333333332
25 14 0.4788883333333333
25 15 1.8441666666666667
25 16 1.3616666666666668
25 17 0.5538883333333333
25 18 1.244445
25 19 1.4088883333333333
25 20 0.23722166666666666
25 21 0.251945
25 22 1.109445
25 23 1.0952783333333334
25 24 1.3222216666666666
25 25 -1
25 26 -1
25 27 0.5352783333333334
25 28 1.3933333333333333
25 29 -1
25 30 -1
25 31 -1
25 32 -1
25 33 -1
25 34 -1
25 35 -1
25 36 -1
25 37 1.2902783333333334
25 38 1.2886116666666667
25 39 1.3208333333333333
25 40 0.6533333333333334
25 41 0.5647216666666667
25 42 0.5522216666666666
25 43 1.4272216666666668
25 44 0.6233333333333333
25 45 0.4288883333333333
25 46 0.49444499999999997
25 47 0.645555
25 48 0.8636116666666667
25 49 0.8736116666666667
25 50 0.4563883333333333
25 51 -1
26 0 -1
26 1 -1
26 2 -1
26 3 -1
26 4 -1
26 5 -1
26 6 -1
26 7 -1
26 8 -1
26 9 -1
26 10 -1
26 11 -1
26 12 -1
26 13 -1
26 14 -1
26 15 -1
26 16 -1
26 17 -1
26 18 -1
26 19 -1
26 20 -1
26 21 -1
26 22 -1
26 23 -1
26 24 -1
26 25 -1
26 26 -1
26 27 -1
26 28 -1
26 29 0.46138833333333334
26 30 0.3627783333333333
26 31 0.5283333333333333
26 32 -1
26 33 0.781945
26 34 0.7947216666666667
26 35 0.758055
26 36 0.7619450000000001
26 37 -1
26 38 -1
26 39 -1
26 40 -1
26 41 -1
26 42 -1
26 43 -1
26 44 -1
26 45 -1
26 46 -1
26 47 -1
26 48 -1
26 49 -1
26 50 -1
26 51 0.460555
27 0 0.9066666666666666
27 1 1.6266666666666665
27 2 0.55
27 3 0.55
27 4 0.6861116666666667
27 5 1.5022216666666668
27 6 1.4366666666666668
27 7 1.4422216666666665
27 8 0.06972166666666667
27 9 0.3625
27 10 1.9855550000000002
27 11 0.11638833333333333
27 12 1.4827783333333333
27 13 1.528055
27 14 0.655555
27 15 2.0208333333333335
27 16 1.5383333333333333
27 17 0.19111166666666665
27 18 1.4211116666666668
27 19 1.585555
27 20 0.49222166666666667
27 21 0.3772216666666666
27 22 0.8427783333333333
27 23 0.8286116666666667
27 24 1.4988883333333334
27 25 0.5208333333333334
27 26 -1
27 27 -1
27 28 1.57
27 29 -1
27 30 -1
27 31 -1
27 32 -1
27 33 -1
27 34 -1
27 35 -1
27 36 -1
27 37 1.466945
27 38 1.4652783333333335
27 39 1.0538883333333333
27 40 0.83
27 41 0.14
27 42 0.18388833333333335
27 43 1.6038883333333334
27 44 0.3563883333333333
27 45 0.434445
27 46 0.21333333333333335
27 47 0.8222216666666667
27 48 1.0402783333333334
27 49 1.0502783333333334
27 50 0.40861166666666665
27 51 -1
28 0 2.187221666666667
28 1 0.4813883333333333
28 2 1.926945
28 3 1.926945
28 4 1.966945
28 5 0.35694499999999996
28 6 0.301945
28 7 0.300555
28 8 1.5305549999999999
28 9 1.5647216666666668
28 10 0.8677783333333333
28 11 1.4933333333333332
28 12 0.095555
28 13 0.391945
28 14 1.0202783333333334
28 15 0.875555
28 16 0.5022216666666667
28 17 1.5677783333333333
28 18 0.45666666666666667
28 19 0.4475
28 20 1.2175
28 21 1.328055
28 22 2.1233333333333335
28 23 2.1091666666666664
28 24 0.5011116666666667
28 25 1.354445
28 26 -1
28 27 1.5491666666666668
28 28 -1
28 29 -1
28 30 -1
28 31 -1
28 32 -1
28 33 -1
28 34 -1
28 35 -1
28 36 -1
28 37 0.20611166666666667
28 38 0.19749999999999998
28 39 2.334721666666667
28 40 1.0936116666666666
28 41 1.5786116666666667
28 42 1.5658333333333334
28 43 0.064445
28 44 1.6372216666666666
28 45 1.5
28 46 1.508055
28 47 1.0858333333333334
28 48 0.708055
28 49 0.608055
28 50 1.511945
28 51 -1
29 0 -1
29 1 -1
29 2 -1
29 3 -1
29 4 -1
29 5 -1
29 6 -1
29 7 -1
29 8 -1
29 9 -1
29 10 -1
29 11 -1
29 12 -1
29 13 -1
29 14 -1
29 15 -1
29 16 -1
29 17 -1
29 18 -1
29 19 -1
29 20 -1
29 21 -1
29 22 -1
29 23 -1
29 24 -1
29 25 -1
29 26 0.395555
29 27 -1
29 28 -1
29 29 -1
29 30 0.33916666666666667
29 31 0.42416666666666664
29 32 2.2347216666666667
29 33 0.510555
29 34 0.5233333333333333
29 35 0.48666666666666664
29 36 0.49055499999999996
29 37 -1
29 38 -1
29 39 -1
29 40 -1
29 41 -1
29 42 -1
29 43 -1
29 44 -1
29 45 -1
29 46 -1
29 47 -1
29 48 -1
29 49 -1
29 50 -1
29 51 0.2983333333333333
30 0 -1
30 1 -1
30 2 -1
30 3 -1
30 4 -1
30 5 -1
30 6 -1
30 7 -1
30 8 -1
30 9 -1
30 10 -1
30 11 -1
30 12 -1
30 13 -1
30 14 -1
30 15 -1
30 16 -1
30 17 -1
30 18 -1
30 19 -1
30 20 -1
30 21 -1
30 22 -1
30 23 -1
30 24 -1
30 25 -1
30 26 0.403055
30 27 -1
30 28 -1
30 29 0.458055
30 30 -1
30 31 0.5136116666666667
30 32 -1
30 33 0.7788883333333333
30 34 0.791945
30 35 0.755
30 36 0.7588883333333333
30 37 -1
30 38 -1
30 39 -1
30 40 -1
30 41 -1
30 42 -1
30 43 -1
30 44 -1
30 45 -1
30 46 -1
30 47 -1
30 48 -1
30 49 -1
30 50 -1
30 51 0.45749999999999996
31 0 -1
31 1 -1
31 2 -1
31 3 -1
31 4 -1
31 5 -1
31 6 -1
31 7 -1
31 8 -1
31 9 -1
31 10 -1
31 11 -1
31 12 -1
31 13 -1
31 14 -1
31 15 -1
31 16 -1
31 17 -1
31 18 -1
31 19 -1
31 20 -1
31 21 -1
31 22 -1
31 23 -1
31 24 -1
31 25 -1
31 26 0.5558333333333334
31 27 -1
31 28 -1
31 29 0.4825
31 30 0.4625
31 31 -1
31 32 2.1616666666666666
31 33 0.5947216666666667
31 34 0.6047216666666666
31 35 0.5863883333333334
31 36 0.5902783333333333
31 37 -1
31 38 -1
31 39 -1
31 40 -1
31 41 -1
31 42 -1
31 43 -1
31 44 -1
31 45 -1
31 46 -1
31 47 -1
31 48 -1
31 49 -1
31 50 -1
31 51 0.48500000000000004
32 0 -1
32 1 -1
32 2 -1
32 3 -1
32 4 -1
32 5 -1
32 6 -1
32 7 -1
32 8 -1
32 9 -1
32 10 -1
32 11 -1
32 12 -1
32 13 -1
32 14 -1
32 15 -1
32 16 -1
32 17 -1
32 18 -1
32 19 -1
32 20 -1
32 21 -1
32 22 -1
32 23 -1
32 24 -1
32 25 -1
32 26 2.0641666666666665
32 27 -1
32 28 -1
32 29 1.7936116666666666
32 30 2.0077783333333334
32 31 1.739445
32 32 -1
32 33 1.7558333333333331
32 34 1.7658333333333334
32 35 1.7474999999999998
32 36 1.7513883333333333
32 37 -1
32 38 -1
32 39 -1
32 40 -1
32 41 -1
32 42 -1
32 43 -1
32 44 -1
32 45 -1
32 46 -1
32 47 -1
32 48 -1
32 49 -1
32 50 -1
32 51 1.966945
33 0 -1
33 1 -1
33 2 -1
33 3 -1
33 4 -1
33 5 -1
33 6 -1
33 7 -1
33 8 -1
33 9 -1
33 10 -1
33 11 -1
33 12 -1
33 13 -1
33 14 -1
33 15 -1
33 16 -1
33 17 -1
33 18 -1
33 19 -1
33 20 -1
33 21 -1
33 22 -1
33 23 -1
33 24 -1
33 25 -1
33 26 0.768055
33 27 -1
33 28 -1
33 29 0.4975
33 30 0.7116666666666667
33 31 0.6166666666666667
33 32 2.193055
33 33 -1
33 34 0.040555
33 35 0.035555
33 36 0.05277833333333334
33 37 -1
33 38 -1
33 39 -1
33 40 -1
33 41 -1
33 42 -1
33 43 -1
33 44 -1
33 45 -1
33 46 -1
33 47 -1
33 48 -1
33 49 -1
33 50 -1
33 51 0.6708333333333333
34 0 -1
34 1 -1
34 2 -1
34 3 -1
34 4 -1
34 5 -1
34 6 -1
34 7 -1
34 8 -1
34 9 -1
34 10 -1
34 11 -1
34 12 -1
34 13 -1
34 14 -1
34 15 -1
34 16 -1
34 17 -1
34 18 -1
34 19 -1
34 20 -1
34 21 -1
34 22 -1
34 23 -1
34 24 -1
34 25 -1
34 26 0.7722216666666667
34 27 -1
34 28 -1
34 29 0.501945
34 30 0.7158333333333334
34 31 0.6211116666666666
34 32 2.1975
34 33 0.035
34 34 -1
34 35 0.04
34 36 0.056945
34 37 -1
34 38 -1
34 39 -1
34 40 -1
34 41 -1
34 42 -1
34 43 -1
34 44 -1
34 45 -1
34 46 -1
34 47 -1
34 48 -1
34 49 -1
34 50 -1
34 51 0.6752783333333333
35 0 -1
35 1 -1
35 2 -1
35 3 -1
35 4 -1
35 5 -1
35 6 -1
35 7 -1
35 8 -1
35 9 -1
35 10 -1
35 11 -1
35 12 -1
35 13 -1
35 14 -1
35 15 -1
35 16 -1
35 17 -1
35 18 -1
35 19 -1
35 20 -1
35 21 -1
35 22 -1
35 23 -1
35 24 -1
35 25 -1
35 26 0.7619450000000001
35 27 -1
35 28 -1
35 29 0.49166666666666664
35 30 0.705555
35 31 0.6108333333333333
35 32 2.187221666666667
35 33 0.04527833333333333
35 34 0.05527833333333333
35 35 -1
35 36 0.04666666666666666
35 37 -1
35 38 -1
35 39 -1
35 40 -1
35 41 -1
35 42 -1
35 43 -1
35 44 -1
35 45 -1
35 46 -1
35 47 -1
35 48 -1
35 49 -1
35 50 -1
35 51 0.6649999999999999
36 0 -1
36 1 -1
36 2 -1
36 3 -1
36 4 -1
36 5 -1
36 6 -1
36 7 -1
36 8 -1
36 9 -1
36 10 -1
36 11 -1
36 12 -1
36 13 -1
36 14 -1
36 15 -1
36 16 -1
36 17 -1
36 18 -1
36 19 -1
36 20 -1
36 21 -1
36 22 -1
36 23 -1
36 24 -1
36 25 -1
36 26 0.7577783333333333
36 27 -1
36 28 -1
36 29 0.48722166666666666
36 30 0.7013883333333334
36 31 0.6063883333333333
36 32 2.1827783333333333
36 33 0.10861166666666668
36 34 0.1075
36 35 0.07083333333333333
36 36 -1
36 37 -1
36 38 -1
36 39 -1
36 40 -1
36 41 -1
36 42 -1
36 43 -1
36 44 -1
36 45 -1
36 46 -1
36 47 -1
36 48 -1
36 49 -1
36 50 -1
36 51 0.660555
37 0 2.0847216666666664
37 1 0.530555
37 2 1.824445
37 3 1.824445
37 4 1.864445
37 5 0.4061116666666667
37 6 0.29916666666666664
37 7 0.23277833333333334
37 8 1.4283333333333335
37 9 1.4625
37 10 0.9166666666666666
37 11 1.3908333333333334
37 12 0.22472166666666665
37 13 0.418055
37 14 0.9177783333333333
37 15 0.9247216666666667
37 16 0.475555
37 17 1.4652783333333335
37 18 0.32694500000000004
37 19 0.489445
37 20 1.115
37 21 1.225555
37 22 2.0208333333333335
37 23 2.006666666666667
37 24 0.4363883333333333
37 25 1.2522216666666668
37 26 -1
37 27 1.4466666666666665
37 28 0.215
37 29 -1
37 30 -1
37 31 -1
37 32 -1
37 33 -1
37 34 -1
37 35 -1
37 36 -1
37 37 -1
37 38 0.11583333333333333
37 39 2.2322216666666668
37 40 0.9913883333333333
37 41 1.4761116666666667
37 42 1.4636116666666665
37 43 0.24888833333333332
37 44 1.5347216666666665
37 45 1.3975
37 46 1.4058333333333333
37 47 0.9833333333333333
37 48 0.6055550000000001
37 49 0.505555
37 50 1.4097216666666665
37 51 -1
38 0 2.129166666666667
38 1 0.5597216666666667
38 2 1.8686116666666666
38 3 1.8686116666666666
38 4 1.9086116666666666
38 5 0.43555499999999997
38 6 0.3283333333333333
38 7 0.261945
38 8 1.4725
38 9 1.5066666666666668
38 10 0.9461116666666667
38 11 1.4352783333333332
38 12 0.198055
38 13 0.4475
38 14 0.9622216666666666
38 15 0.9541666666666667
38 16 0.47833333333333333
38 17 1.5097216666666666
38 18 0.3922216666666667
38 19 0.5186116666666667
38 20 1.1591666666666667
38 21 1.27
38 22 2.0652783333333335
38 23 2.0511116666666664
38 24 0.4391666666666667
38 25 1.2963883333333333
38 26 -1
38 27 1.4911116666666666
38 28 0.18861166666666668
38 29 -1
38 30 -1
38 31 -1
38 32 -1
38 33 -1
38 34 -1
38 35 -1
38 36 -1
38 37 0.060555000000000005
38 38 -1
38 39 2.2763883333333337
38 40 1.035555
38 41 1.520555
38 42 1.5077783333333334
38 43 0.2225
38 44 1.5791666666666666
38 45 1.441945
38 46 1.45
38 47 1.0277783333333332
38 48 0.65
38 49 0.55
38 50 1.4538883333333332
38 51 -1
39 0 0.358055
39 1 2.4327783333333333
39 2 1.5174999999999998
39 3 1.5174999999999998
39 4 0.625555
39 5 2.3086116666666663
39 6 2.243055
39 7 2.2483333333333335
39 8 1.0819450000000002
39 9 1.1680549999999998
39 10 -1
39 11 1.0033333333333334
39 12 2.2891666666666666
39 13 2.334166666666667
39 14 1.461945
39 15 -1
39 16 2.344445
39 17 1.1491666666666667
39 18 2.2275
39 19 2.3916666666666666
39 20 1.2983333333333333
39 21 1.1836116666666667
39 22 0.2936116666666667
39 23 0.3786116666666667
39 24 2.3052783333333333
39 25 1.3269449999999998
39 26 -1
39 27 1.054445
39 28 2.3761116666666666
39 29 -1
39 30 -1
39 31 -1
39 32 -1
39 33 -1
39 34 -1
39 35 -1
39 36 -1
39 37 2.273055
39 38 2.2713883333333333
39 39 -1
39 40 1.6363883333333333
39 41 1.1402783333333335
39 42 1.0191666666666666
39 43 2.4099999999999997
39 44 0.8088883333333333
39 45 1.3352783333333333
39 46 1.1138883333333331
39 47 1.6283333333333334
39 48 1.8466666666666667
39 49 1.8563883333333335
39 50 1.2997216666666667
39 51 -1
40 0 1.464445
40 1 1.1547216666666666
40 2 1.2041666666666666
40 3 1.2041666666666666
40 4 1.2441666666666669
40 5 1.0302783333333332
40 6 0.9647216666666666
40 7 0.9700000000000001
40 8 0.8077783333333334
40 9 0.841945
40 10 1.5022216666666668
40 11 0.770555
40 12 1.0108333333333333
40 13 1.0558333333333334
40 14 0.24472166666666664
40 15 1.5488883333333334
40 16 1.055
40 17 0.8450000000000001
40 18 0.941945
40 19 1.1136116666666667
40 20 0.49472166666666667
40 21 0.6052783333333333
40 22 1.400555
40 23 1.3863883333333333
40 24 1.015555
40 25 0.6316666666666666
40 26 -1
40 27 0.8263883333333334
40 28 1.098055
40 29 -1
40 30 -1
40 31 -1
40 32 -1
40 33 -1
40 34 -1
40 35 -1
40 36 -1
40 37 0.995
40 38 0.993055
40 39 1.611945
40 40 -1
40 41 0.8558333333333333
40 42 0.843055
40 43 1.1319450000000002
40 44 0.9144450000000001
40 45 0.7772216666666666
40 46 0.7852783333333334
40 47 0.050278333333333335
40 48 0.5683333333333334
40 49 0.566945
40 50 0.7891666666666667
40 51 -1
41 0 0.99
41 1 1.6577783333333334
41 2 0.45916666666666667
41 3 0.45916666666666667
41 4 0.7694449999999999
41 5 1.5333333333333334
41 6 1.4677783333333332
41 7 1.4733333333333334
41 8 0.17888833333333334
41 9 0.3722216666666667
41 10 2.0166666666666666
41 11 0.149445
41 12 1.5138883333333333
41 13 1.5591666666666666
41 14 0.6866666666666668
41 15 2.051945
41 16 1.5694450000000002
41 17 0.09361166666666666
41 18 1.4522216666666667
41 19 1.6166666666666667
41 20 0.5233333333333333
41 21 0.4083333333333333
41 22 0.9258333333333333
41 23 0.9116666666666667
41 24 1.53
41 25 0.551945
41 26 -1
41 27 0.13
41 28 1.6011116666666667
41 29 -1
41 30 -1
41 31 -1
41 32 -1
41 33 -1
41 34 -1
41 35 -1
41 36 -1
41 37 1.4980550000000001
41 38 1.4963883333333332
41 39 1.1372216666666666
41 40 0.8611116666666666
41 41 -1
41 42 0.27638833333333335
41 43 1.635
41 44 0.4397216666666666
41 45 0.4472216666666667
41 46 0.218055
41 47 0.8533333333333334
41 48 1.0713883333333334
41 49 1.0813883333333334
41 50 0.456945
41 51 -1
42 0 0.8233333333333334
42 1 1.6286116666666668
42 2 0.6516666666666667
42 3 0.6516666666666667
42 4 0.603055
42 5 1.5041666666666667
42 6 1.4386116666666666
42 7 1.4441666666666668
42 8 0.17361166666666666
42 9 0.36388833333333337
42 10 1.9875
42 11 0.17138833333333334
42 12 1.4847216666666665
42 13 1.53
42 14 0.6575000000000001
42 15 2.022778333333333
42 16 1.5402783333333334
42 17 0.2675
42 18 1.4230550000000002
42 19 1.5875
42 20 0.49416666666666664
42 21 0.37916666666666665
42 22 0.7594449999999999
42 23 0.7452783333333334
42 24 1.5008333333333332
42 25 0.5227783333333333
42 26 -1
42 27 0.16722166666666669
42 28 1.571945
42 29 -1
42 30 -1
42 31 -1
42 32 -1
42 33 -1
42 34 -1
42 35 -1
42 36 -1
42 37 1.4688883333333334
42 38 1.4672216666666666
42 39 0.9708333333333333
42 40 0.8319449999999999
42 41 0.27472166666666664
42 42 -1
42 43 1.6058333333333332
42 44 0.2733333333333333
42 45 0.466945
42 46 0.245555
42 47 0.8241666666666667
42 48 1.0422216666666666
42 49 1.0522216666666666
42 50 0.460555
42 51 -1
43 0 2.2747216666666668
43 1 0.5227783333333333
43 2 2.0141666666666667
43 3 2.0141666666666667
43 4 2.0541666666666667
43 5 0.3983333333333333
43 6 0.3786116666666667
43 7 0.3772216666666666
43 8 1.6180549999999998
43 9 1.6522216666666667
43 10 0.9108333333333333
43 11 1.5808333333333333
43 12 0.16611166666666666
43 13 0.4686116666666667
43 14 1.1077783333333333
43 15 0.9188883333333333
43 16 0.4813883333333333
43 17 1.6552783333333332
43 18 0.5252783333333333
43 19 0.486945
43 20 1.3047216666666666
43 21 1.4155550000000001
43 22 2.2108333333333334
43 23 2.1966666666666668
43 24 0.5222216666666667
43 25 1.441945
43 26 -1
43 27 1.6366666666666667
43 28 0.09000000000000001
43 29 -1
43 30 -1
43 31 -1
43 32 -1
43 33 -1
43 34 -1
43 35 -1
43 36 -1
43 37 0.2575
43 38 0.24888833333333332
43 39 2.421945
43 40 1.1811116666666666
43 41 1.6661116666666667
43 42 1.6533333333333333
43 43 -1
43 44 1.7247216666666667
43 45 1.5875
43 46 1.595555
43 47 1.1733333333333333
43 48 0.795555
43 49 0.7041666666666667
43 50 1.599445
43 51 -1
44 0 0.653055
44 1 1.7397216666666668
44 2 0.8244450000000001
44 3 0.8244450000000001
44 4 0.4325
44 5 1.6152783333333334
44 6 1.5497216666666667
44 7 1.555
44 8 0.3886116666666667
44 9 0.47472166666666665
44 10 2.0986116666666668
44 11 0.31
44 12 1.5958333333333334
44 13 1.6411116666666667
44 14 0.7686116666666667
44 15 2.133888333333333
44 16 1.6511116666666665
44 17 0.45583333333333337
44 18 1.5341666666666667
44 19 1.6986116666666669
44 20 0.6052783333333333
44 21 0.4902783333333333
44 22 0.5891666666666667
44 23 0.575
44 24 1.611945
44 25 0.6338883333333333
44 26 -1
44 27 0.36111166666666666
44 28 1.683055
44 29 -1
44 30 -1
44 31 -1
44 32 -1
44 33 -1
44 34 -1
44 35 -1
44 36 -1
44 37 1.5799999999999998
44 38 1.5783333333333334
44 39 0.8002783333333333
44 40 0.943055
44 41 0.4472216666666667
44 42 0.3261116666666667
44 43 1.716945
44 44 -1
44 45 0.641945
44 46 0.42083333333333334
44 47 0.9352783333333333
44 48 1.1533333333333333
44 49 1.1633333333333333
44 50 0.6066666666666667
44 51 -1
45 0 1.1869450000000001
45 1 1.5941666666666667
45 2 0.739445
45 3 0.739445
45 4 0.9663883333333333
45 5 1.47
45 6 1.404445
45 7 1.4097216666666665
45 8 0.4097216666666667
45 9 0.5525
45 10 1.9533333333333334
45 11 0.4722216666666667
45 12 1.450555
45 13 1.495555
45 14 0.6233333333333333
45 15 1.9886116666666667
45 16 1.5058333333333331
45 17 0.3938883333333333
45 18 1.3888883333333333
45 19 1.553055
45 20 0.4597216666666667
45 21 0.19611166666666666
45 22 1.1230550000000001
45 23 1.1088883333333333
45 24 1.4666666666666666
45 25 0.4277783333333333
45 26 -1
45 27 0.4216666666666667
45 28 1.5375
45 29 -1
45 30 -1
45 31 -1
45 32 -1
45 33 -1
45 34 -1
45 35 -1
45 36 -1
45 37 1.434445
45 38 1.4327783333333335
45 39 1.3341666666666667
45 40 0.7977783333333334
45 41 0.45777833333333334
45 42 0.4683333333333334
45 43 1.5713883333333334
45 44 0.6369450000000001
45 45 -1
45 46 0.29333333333333333
45 47 0.7897216666666667
45 48 1.008055
45 49 1.0177783333333332
45 50 0.44277833333333333
45 51 -1
46 0 0.98
46 1 1.609445
46 2 0.504445
46 3 0.504445
46 4 0.7597216666666667
46 5 1.4849999999999999
46 6 1.419445
46 7 1.4247216666666667
46 8 0.20277833333333334
46 9 0.345555
46 10 1.9683333333333333
46 11 0.26527833333333334
46 12 1.465555
46 13 1.510555
46 14 0.6383333333333333
46 15 2.0036116666666666
46 16 1.5208333333333333
46 17 0.16527833333333333
46 18 1.4038883333333334
46 19 1.5683333333333331
46 20 0.47472166666666665
46 21 0.3458333333333333
46 22 0.9161116666666668
46 23 0.901945
46 24 1.4816666666666667
46 25 0.5025
46 26 -1
46 27 0.215
46 28 1.5527783333333334
46 29 -1
46 30 -1
46 31 -1
46 32 -1
46 33 -1
46 34 -1
46 35 -1
46 36 -1
46 37 1.4497216666666666
46 38 1.4477783333333332
46 39 1.1275000000000002
46 40 0.8127783333333334
46 41 0.236945
46 42 0.26138833333333333
46 43 1.5866666666666667
46 44 0.43
46 45 0.300555
46 46 -1
46 47 0.8049999999999999
46 48 1.023055
46 49 1.0327783333333334
46 50 0.44638833333333333
46 51 -1
47 0 1.4661116666666667
47 1 1.1561116666666666
47 2 1.205555
47 3 1.205555
47 4 1.245555
47 5 1.0316666666666667
47 6 0.9661116666666667
47 7 0.9716666666666666
47 8 0.809445
47 9 0.8436116666666666
47 10 1.5038883333333333
47 11 0.771945
47 12 1.0122216666666666
47 13 1.0575
47 14 0.24638833333333335
47 15 1.5502783333333334
47 16 1.0563883333333333
47 17 0.8463883333333333
47 18 0.9433333333333334
47 19 1.115
47 20 0.4961116666666667
47 21 0.6066666666666667
47 22 1.4022216666666667
47 23 1.388055
47 24 1.0172216666666667
47 25 0.6333333333333333
47 26 -1
47 27 0.8277783333333333
47 28 1.099445
47 29 -1
47 30 -1
47 31 -1
47 32 -1
47 33 -1
47 34 -1
47 35 -1
47 36 -1
47 37 0.9963883333333333
47 38 0.9947216666666667
47 39 1.6133333333333333
47 40 0.04777833333333333
47 41 0.8575
47 42 0.8447216666666667
47 43 1.1333333333333333
47 44 0.9158333333333334
47 45 0.7788883333333333
47 46 0.786945
47 47 -1
47 48 0.5697216666666667
47 49 0.5683333333333334
47 50 0.7908333333333334
47 51 -1
48 0 1.6849999999999998
48 1 0.7813883333333334
48 2 1.424445
48 3 1.424445
48 4 1.464445
48 5 0.6572216666666667
48 6 0.5916666666666667
48 7 0.596945
48 8 1.0283333333333333
48 9 1.0625
48 10 1.1677783333333334
48 11 0.9908333333333333
48 12 0.6377783333333333
48 13 0.6827783333333334
48 14 0.5177783333333333
48 15 1.1758333333333333
48 16 0.8030550000000001
48 17 1.0652783333333333
48 18 0.5761116666666666
48 19 0.7402783333333333
48 20 0.715
48 21 0.8255549999999999
48 22 1.6211116666666667
48 23 1.606945
48 24 0.7638883333333334
48 25 0.8522216666666667
48 26 -1
48 27 1.0466666666666666
48 28 0.7247216666666667
48 29 -1
48 30 -1
48 31 -1
48 32 -1
48 33 -1
48 34 -1
48 35 -1
48 36 -1
48 37 0.6216666666666666
48 38 0.62
48 39 1.8322216666666666
48 40 0.5913883333333333
48 41 1.0763883333333333
48 42 1.0636116666666666
48 43 0.7586116666666667
48 44 1.1347216666666666
48 45 0.9977783333333333
48 46 1.0058333333333334
48 47 0.5833333333333334
48 48 -1
48 49 0.5141666666666667
48 50 1.0097216666666666
48 51 -1
49 0 1.7025000000000001
49 1 0.6963883333333333
49 2 1.441945
49 3 1.441945
49 4 1.481945
49 5 0.5719449999999999
49 6 0.5063883333333333
49 7 0.5116666666666666
49 8 1.0458333333333334
49 9 1.0799999999999998
49 10 1.0336116666666666
49 11 1.0086116666666667
49 12 0.5525
49 13 0.5975
49 14 0.5277783333333333
49 15 1.090555
49 16 0.5861116666666667
49 17 1.083055
49 18 0.47305499999999995
49 19 0.6391666666666667
49 20 0.7325
49 21 0.8433333333333334
49 22 1.6386116666666666
49 23 1.6244450000000001
49 24 0.5469449999999999
49 25 0.8697216666666667
49 26 -1
49 27 1.064445
49 28 0.656945
49 29 -1
49 30 -1
49 31 -1
49 32 -1
49 33 -1
49 34 -1
49 35 -1
49 36 -1
49 37 0.5366666666666667
49 38 0.5347216666666667
49 39 1.8497216666666667
49 40 0.5936116666666666
49 41 1.0938883333333334
49 42 1.0811116666666665
49 43 0.6908333333333334
49 44 1.1525
49 45 1.0152783333333333
49 46 1.0233333333333332
49 47 0.5858333333333333
49 48 0.535555
49 49 -1
49 50 1.0272216666666667
49 51 -1
50 0 1.1397216666666667
50 1 1.6227783333333332
50 2 0.8508333333333333
50 3 0.8508333333333333
50 4 0.9191666666666667
50 5 1.4983333333333335
50 6 1.4327783333333335
50 7 1.4380549999999999
50 8 0.3847216666666667
50 9 0.33916666666666667
50 10 1.9816666666666667
50 11 0.445555
50 12 1.4788883333333334
50 13 1.5238883333333333
50 14 0.6516666666666667
50 15 2.016945
50 16 1.5341666666666667
50 17 0.47833333333333333
50 18 1.4172216666666666
50 19 1.5816666666666668
50 20 0.488055
50 21 0.28722166666666665
50 22 1.0758333333333332
50 23 1.0616666666666668
50 24 1.495
50 25 0.450555
50 26 -1
50 27 0.4152783333333333
50 28 1.5661116666666668
50 29 -1
50 30 -1
50 31 -1
50 32 -1
50 33 -1
50 34 -1
50 35 -1
50 36 -1
50 37 1.463055
50 38 1.4611116666666668
50 39 1.286945
50 40 0.8261116666666666
50 41 0.47638833333333336
50 42 0.440555
50 43 1.6
50 44 0.5897216666666666
50 45 0.42805499999999996
50 46 0.4461116666666667
50 47 0.818055
50 48 1.0363883333333335
50 49 1.0461116666666668
50 50 -1
50 51 -1
51 0 -1
51 1 -1
51 2 -1
51 3 -1
51 4 -1
51 5 -1
51 6 -1
51 7 -1
51 8 -1
51 9 -1
51 10 -1
51 11 -1
51 12 -1
51 13 -1
51 14 -1
51 15 -1
51 16 -1
51 17 -1
51 18 -1
51 19 -1
51 20 -1
51 21 -1
51 22 -1
51 23 -1
51 24 -1
51 25 -1
51 26 0.471945
51 27 -1
51 28 -1
51 29 0.35333333333333333
51 30 0.415555
51 31 0.48555499999999996
51 32 2.3988883333333333
51 33 0.6744450000000001
51 34 0.6872216666666666
51 35 0.650555
51 36 0.654445
51 37 -1
51 38 -1
51 39 -1
51 40 -1
51 41 -1
51 42 -1
51 43 -1
51 44 -1
51 45 -1
51 46 -1
51 47 -1
51 48 -1
51 49 -1
51 50 -1
51 51 -1
;

param arc_distance :=
0 0 -1
0 1 256.277
0 2 104.603
0 3 104.603
0 4 33.499
0 5 245.877
0 6 234.544
0 7 234.394
0 8 91.473
0 9 106.452
0 10 -1
0 11 85.36
0 12 238.977
0 13 244.886
0 14 144.122
0 15 -1
0 16 249.05
0 17 96
0 18 224.298
0 19 250.704
0 20 121.385
0 21 107.017
0 22 1.546
0 23 4.715
0 24 244.787
0 25 117.47
0 26 -1
0 27 86.812
0 28 235.593
0 29 -1
0 30 -1
0 31 -1
0 32 -1
0 33 -1
0 34 -1
0 35 -1
0 36 -1
0 37 232.882
0 38 232.289
0 39 16.385
0 40 157.304
0 41 89.639
0 42 83.758
0 43 236.244
0 44 62.262
0 45 108.792
0 46 96.842
0 47 157.795
0 48 189.168
0 49 193.677
0 50 107.145
0 51 -1
1 0 256.965
1 1 -1
1 2 197.163
1 3 197.163
1 4 232.298
1 5 14.171
1 6 29.869
1 7 28.824
1 8 178.433
1 9 187.681
1 10 52.409
1 11 177.005
1 12 29.598
1 13 25.776
1 14 118.351
1 15 91.064
1 16 37.601
1 17 178.928
1 18 39.128
1 19 26.61
1 20 141.034
1 21 155.479
1 22 256.934
1 23 255.23
1 24 44.119
1 25 148.784
1 26 -1
1 27 179.66
1 28 31.325
1 29 -1
1 30 -1
1 31 -1
1 32 -1
1 33 -1
1 34 -1
1 35 -1
1 36 -1
1 37 37.348
1 38 41.084
1 39 269.486
1 40 119.237
1 41 181.1
1 42 180.967
1 43 28.657
1 44 197.982
1 45 162.178
1 46 171.598
1 47 119.728
1 48 76.017
1 49 68.25
1 50 164.526
1 51 -1
2 0 104.761
2 1 195.902
2 2 -1
2 3 -1
2 4 80.094
2 5 185.502
2 6 174.169
2 7 174.019
2 8 22.372
2 9 45.596
2 10 217.381
2 11 19.427
2 12 178.602
2 13 184.511
2 14 83.747
2 15 249.448
2 16 188.675
2 17 19.193
2 18 163.923
2 19 190.329
2 20 61.01
2 21 40.416
2 22 104.73
2 23 103.026
2 24 184.412
2 25 50.348
2 26 -1
2 27 20.472
2 28 175.218
2 29 -1
2 30 -1
2 31 -1
2 32 -1
2 33 -1
2 34 -1
2 35 -1
2 36 -1
2 37 172.507
2 38 171.914
2 39 117.282
2 40 96.929
2 41 16.282
2 42 23.62
2 43 175.869
2 44 45.778
2 45 35.069
2 46 19.581
2 47 97.42
2 48 128.793
2 49 133.302
2 50 43.27
2 51 -1
3 0 104.761
3 1 195.902
3 2 -1
3 3 -1
3 4 80.094
3 5 185.502
3 6 174.169
3 7 174.019
3 8 22.372
3 9 45.596
3 10 217.381
3 11 19.427
3 12 178.602
3 13 184.511
3 14 83.747
3 15 249.448
3 16 188.675
3 17 19.193
3 18 163.923
3 19 190.329
3 20 61.01
3 21 40.416
3 22 104.73
3 23 103.026
3 24 184.412
3 25 50.348
3 26 -1
3 27 20.472
3 28 175.218
3 29 -1
3 30 -1
3 31 -1
3 32 -1
3 33 -1
3 34 -1
3 35 -1
3 36 -1
3 37 172.507
3 38 171.914
3 39 117.282
3 40 96.929
3 41 16.282
3 42 23.62
3 43 175.869
3 44 45.778
3 45 35.069
3 46 19.581
3 47 97.42
3 48 128.793
3 49 133.302
3 50 43.27
3 51 -1
4 0 33.296
4 1 231.903
4 2 80.229
4 3 80.229
4 4 -1
4 5 221.503
4 6 210.17
4 7 210.02
4 8 67.099
4 9 82.078
4 10 253.382
4 11 60.986
4 12 214.603
4 13 220.512
4 14 119.748
4 15 285.449
4 16 224.676
4 17 71.626
4 18 199.924
4 19 226.33
4 20 97.011
4 21 82.643
4 22 33.265
4 23 31.561
4 24 220.413
4 25 93.096
4 26 -1
4 27 62.438
4 28 211.219
4 29 -1
4 30 -1
4 31 -1
4 32 -1
4 33 -1
4 34 -1
4 35 -1
4 36 -1
4 37 208.508
4 38 207.915
4 39 45.817
4 40 132.93
4 41 65.265
4 42 59.384
4 43 211.87
4 44 37.888
4 45 84.418
4 46 72.468
4 47 133.421
4 48 164.794
4 49 169.303
4 50 82.771
4 51 -1
5 0 246.856
5 1 13.332
5 2 187.054
5 3 187.054
5 4 222.189
5 5 -1
5 6 19.76
5 7 18.715
5 8 168.324
5 9 177.572
5 10 42.3
5 11 166.896
5 12 19.489
5 13 28.785
5 14 108.242
5 15 75.857
5 16 27.492
5 17 168.819
5 18 29.019
5 19 16.501
5 20 130.925
5 21 145.37
5 22 246.825
5 23 245.121
5 24 34.01
5 25 138.675
5 26 -1
5 27 169.551
5 28 21.216
5 29 -1
5 30 -1
5 31 -1
5 32 -1
5 33 -1
5 34 -1
5 35 -1
5 36 -1
5 37 27.239
5 38 30.975
5 39 259.377
5 40 109.128
5 41 170.991
5 42 170.858
5 43 18.548
5 44 187.873
5 45 152.069
5 46 161.489
5 47 109.619
5 48 65.908
5 49 58.141
5 50 154.417
5 51 -1
6 0 235.946
6 1 27.635
6 2 176.144
6 3 176.144
6 4 211.279
6 5 17.235
6 6 -1
6 7 2.51
6 8 157.414
6 9 166.662
6 10 51.776
6 11 155.986
6 12 10.781
6 13 12.787
6 14 97.332
6 15 83.878
6 16 36.968
6 17 157.909
6 18 17.919
6 19 25.977
6 20 120.015
6 21 134.46
6 22 235.915
6 23 234.211
6 24 40.505
6 25 127.765
6 26 -1
6 27 158.641
6 28 12.508
6 29 -1
6 30 -1
6 31 -1
6 32 -1
6 33 -1
6 34 -1
6 35 -1
6 36 -1
6 37 8.937
6 38 10.901
6 39 248.467
6 40 98.218
6 41 160.081
6 42 159.948
6 43 13.126
6 44 176.963
6 45 141.159
6 46 150.579
6 47 98.709
6 48 54.998
6 49 47.231
6 50 143.507
6 51 -1
7 0 235.276
7 1 27.82
7 2 175.474
7 3 175.474
7 4 210.609
7 5 17.42
7 6 2.14
7 7 -1
7 8 156.744
7 9 165.992
7 10 48.403
7 11 155.316
7 12 8.626
7 13 15.834
7 14 96.662
7 15 81.723
7 16 33.595
7 17 157.239
7 18 17.249
7 19 22.604
7 20 119.345
7 21 133.79
7 22 235.245
7 23 233.541
7 24 39.835
7 25 127.095
7 26 -1
7 27 157.971
7 28 10.353
7 29 -1
7 30 -1
7 31 -1
7 32 -1
7 33 -1
7 34 -1
7 35 -1
7 36 -1
7 37 7.124
7 38 9.088
7 39 247.797
7 40 97.548
7 41 159.411
7 42 159.278
7 43 10.971
7 44 176.293
7 45 140.489
7 46 149.909
7 47 98.039
7 48 54.328
7 49 46.561
7 50 142.837
7 51 -1
8 0 95.247
8 1 176.102
8 2 27.111
8 3 27.111
8 4 70.58
8 5 165.702
8 6 154.369
8 7 154.219
8 8 -1
8 9 25.796
8 10 197.581
8 11 10.717
8 12 158.802
8 13 164.711
8 14 63.947
8 15 229.648
8 16 168.875
8 17 7.654
8 18 144.123
8 19 170.529
8 20 41.21
8 21 26.842
8 22 95.216
8 23 93.512
8 24 164.612
8 25 37.295
8 26 -1
8 27 2.561
8 28 155.418
8 29 -1
8 30 -1
8 31 -1
8 32 -1
8 33 -1
8 34 -1
8 35 -1
8 36 -1
8 37 152.707
8 38 152.114
8 39 107.768
8 40 77.129
8 41 9.24
8 42 12.282
8 43 156.069
8 44 36.264
8 45 21.668
8 46 9.718
8 47 77.62
8 48 108.993
8 49 113.502
8 50 19.56
8 51 -1
9 0 105.392
9 1 187.426
9 2 45.218
9 3 45.218
9 4 80.725
9 5 177.026
9 6 165.693
9 7 165.543
9 8 26.488
9 9 -1
9 10 208.905
9 11 25.432
9 12 170.126
9 13 176.035
9 14 75.271
9 15 240.972
9 16 180.199
9 17 26.983
9 18 155.447
9 19 181.853
9 20 52.534
9 21 38.166
9 22 105.361
9 23 103.657
9 24 175.936
9 25 48.619
9 26 -1
9 27 27.715
9 28 166.742
9 29 -1
9 30 -1
9 31 -1
9 32 -1
9 33 -1
9 34 -1
9 35 -1
9 36 -1
9 37 164.031
9 38 163.438
9 39 117.913
9 40 88.453
9 41 29.155
9 42 29.394
9 43 167.393
9 44 46.409
9 45 39.775
9 46 27.825
9 47 88.944
9 48 120.317
9 49 124.826
9 50 15.55
9 51 -1
10 0 -1
10 1 52.49
10 2 217.751
10 3 217.751
10 4 252.886
10 5 42.09
10 6 50.724
10 7 48.355
10 8 199.021
10 9 208.269
10 10 -1
10 11 197.593
10 12 49.129
10 13 59.749
10 14 136.708
10 15 64.067
10 16 34.524
10 17 199.516
10 18 58.659
10 19 30.06
10 20 161.622
10 21 176.067
10 22 -1
10 23 -1
10 24 41.042
10 25 169.372
10 26 -1
10 27 200.248
10 28 50.856
10 29 -1
10 30 -1
10 31 -1
10 32 -1
10 33 -1
10 34 -1
10 35 -1
10 36 -1
10 37 56.879
10 38 59.635
10 39 -1
10 40 139.181
10 41 201.688
10 42 201.555
10 43 48.194
10 44 218.57
10 45 182.766
10 46 192.186
10 47 139.672
10 48 95.548
10 49 86.721
10 50 185.114
10 51 -1
11 0 85.39
11 1 175.395
11 2 19.783
11 3 19.783
11 4 60.723
11 5 164.995
11 6 153.662
11 7 153.512
11 8 5.31
11 9 25.57
11 10 196.874
11 11 -1
11 12 158.095
11 13 164.004
11 14 63.24
11 15 228.941
11 16 168.168
11 17 7.73
11 18 143.416
11 19 169.822
11 20 40.503
11 21 26.135
11 22 85.359
11 23 83.655
11 24 163.905
11 25 36.588
11 26 -1
11 27 2.768
11 28 154.711
11 29 -1
11 30 -1
11 31 -1
11 32 -1
11 33 -1
11 34 -1
11 35 -1
11 36 -1
11 37 152
11 38 151.407
11 39 97.911
11 40 76.422
11 41 4.819
11 42 5.985
11 43 155.362
11 44 26.407
11 45 27.91
11 46 15.96
11 47 76.913
11 48 108.286
11 49 112.795
11 50 26.263
11 51 -1
12 0 237.95
12 1 28.473
12 2 178.148
12 3 178.148
12 4 213.283
12 5 18.073
12 6 11.24
12 7 8.871
12 8 159.418
12 9 168.666
12 10 48.699
12 11 157.99
12 12 -1
12 13 20.265
12 14 99.336
12 15 82.019
12 16 16.073
12 17 159.913
12 18 20.113
12 19 22.9
12 20 122.019
12 21 136.464
12 22 237.919
12 23 236.215
12 24 26.496
12 25 129.769
12 26 -1
12 27 160.645
12 28 1.726
12 29 -1
12 30 -1
12 31 -1
12 32 -1
12 33 -1
12 34 -1
12 35 -1
12 36 -1
12 37 5.489
12 38 4.344
12 39 250.471
12 40 100.222
12 41 162.085
12 42 161.952
12 43 2.344
12 44 178.967
12 45 143.163
12 46 152.583
12 47 100.713
12 48 57.002
12 49 49.235
12 50 145.511
12 51 -1
13 0 245.651
13 1 26.478
13 2 185.849
13 3 185.849
13 4 220.984
13 5 26.94
13 6 12.661
13 7 15.974
13 8 167.119
13 9 176.367
13 10 61.481
13 11 165.691
13 12 20.486
13 13 -1
13 14 107.037
13 15 93.583
13 16 46.673
13 17 167.614
13 18 17.264
13 19 35.682
13 20 129.72
13 21 144.165
13 22 245.62
13 23 243.916
13 24 50.21
13 25 137.47
13 26 -1
13 27 168.346
13 28 22.213
13 29 -1
13 30 -1
13 31 -1
13 32 -1
13 33 -1
13 34 -1
13 35 -1
13 36 -1
13 37 24.642
13 38 26.606
13 39 258.172
13 40 107.923
13 41 169.786
13 42 169.653
13 43 22.831
13 44 186.668
13 45 150.864
13 46 160.284
13 47 108.414
13 48 64.703
13 49 56.936
13 50 153.212
13 51 -1
14 0 144.841
14 1 116.373
14 2 85.039
14 3 85.039
14 4 120.174
14 5 105.973
14 6 94.64
14 7 94.49
14 8 66.309
14 9 75.557
14 10 137.852
14 11 64.881
14 12 99.073
14 13 104.982
14 14 -1
14 15 169.919
14 16 109.146
14 17 66.804
14 18 84.394
14 19 110.8
14 20 28.91
14 21 43.355
14 22 144.81
14 23 143.106
14 24 104.883
14 25 36.66
14 26 -1
14 27 67.536
14 28 95.689
14 29 -1
14 30 -1
14 31 -1
14 32 -1
14 33 -1
14 34 -1
14 35 -1
14 36 -1
14 37 92.978
14 38 92.385
14 39 157.362
14 40 15.193
14 41 68.976
14 42 68.843
14 43 96.34
14 44 85.858
14 45 50.054
14 46 59.474
14 47 15.684
14 48 49.264
14 49 53.773
14 50 52.402
14 51 -1
15 0 -1
15 1 85.897
15 2 249.905
15 3 249.905
15 4 285.04
15 5 75.497
15 6 83.935
15 7 81.566
15 8 231.175
15 9 240.423
15 10 64.41
15 11 229.747
15 12 82.34
15 13 92.96
15 14 171.093
15 15 -1
15 16 87.585
15 17 231.67
15 18 91.87
15 19 76.594
15 20 193.776
15 21 208.221
15 22 -1
15 23 -1
15 24 94.103
15 25 201.526
15 26 -1
15 27 232.402
15 28 84.067
15 29 -1
15 30 -1
15 31 -1
15 32 -1
15 33 -1
15 34 -1
15 35 -1
15 36 -1
15 37 90.09
15 38 93.826
15 39 -1
15 40 171.979
15 41 233.842
15 42 233.709
15 43 81.405
15 44 250.724
15 45 214.92
15 46 224.34
15 47 172.47
15 48 128.759
15 49 120.992
15 50 217.268
15 51 -1
16 0 249.155
16 1 36.015
16 2 189.353
16 3 189.353
16 4 224.488
16 5 25.615
16 6 34.249
16 7 31.88
16 8 170.623
16 9 179.871
16 10 33.612
16 11 169.195
16 12 32.654
16 13 43.274
16 14 108.31
16 15 86.942
16 16 -1
16 17 171.118
16 18 41.374
16 19 13.585
16 20 133.224
16 21 147.669
16 22 249.124
16 23 247.42
16 24 12.644
16 25 140.974
16 26 -1
16 27 171.85
16 28 14.207
16 29 -1
16 30 -1
16 31 -1
16 32 -1
16 33 -1
16 34 -1
16 35 -1
16 36 -1
16 37 33.348
16 38 16.059
16 39 261.676
16 40 110.783
16 41 173.29
16 42 173.157
16 43 13.615
16 44 190.172
16 45 154.368
16 46 163.788
16 47 111.274
16 48 76.649
16 49 58.323
16 50 156.716
16 51 -1
17 0 97.538
17 1 178.393
17 2 19.133
17 3 19.133
17 4 72.871
17 5 167.993
17 6 156.66
17 7 156.51
17 8 6.093
17 9 28.087
17 10 199.872
17 11 7.314
17 12 161.093
17 13 167.002
17 14 66.238
17 15 231.939
17 16 171.166
17 17 -1
17 18 146.414
17 19 172.82
17 20 43.501
17 21 18.636
17 22 97.507
17 23 95.803
17 24 166.903
17 25 39.586
17 26 -1
17 27 4.997
17 28 157.709
17 29 -1
17 30 -1
17 31 -1
17 32 -1
17 33 -1
17 34 -1
17 35 -1
17 36 -1
17 37 154.998
17 38 154.405
17 39 110.059
17 40 79.42
17 41 2.967
17 42 16.746
17 43 158.36
17 44 38.555
17 45 19.56
17 46 6.593
17 47 79.911
17 48 111.284
17 49 115.793
17 50 24.024
17 51 -1
18 0 224.791
18 1 37.245
18 2 164.989
18 3 164.989
18 4 200.124
18 5 26.845
18 6 15.382
18 7 15.232
18 8 146.259
18 9 155.507
18 10 57.471
18 11 144.831
18 12 19.945
18 13 25.724
18 14 86.177
18 15 90.791
18 16 40.069
18 17 146.754
18 18 -1
18 19 31.672
18 20 108.86
18 21 123.305
18 22 224.76
18 23 223.056
18 24 35.806
18 25 116.61
18 26 -1
18 27 147.486
18 28 18.152
18 29 -1
18 30 -1
18 31 -1
18 32 -1
18 33 -1
18 34 -1
18 35 -1
18 36 -1
18 37 13.85
18 38 14.848
18 39 237.312
18 40 87.063
18 41 148.926
18 42 148.793
18 43 18.803
18 44 165.808
18 45 130.004
18 46 139.424
18 47 87.554
18 48 43.843
18 49 35.257
18 50 132.352
18 51 -1
19 0 249.616
19 1 25.61
19 2 189.814
19 3 189.814
19 4 224.949
19 5 15.21
19 6 23.844
19 7 21.475
19 8 171.084
19 9 180.332
19 10 29.922
19 11 169.656
19 12 22.249
19 13 32.869
19 14 111.002
19 15 76.537
19 16 15.114
19 17 171.579
19 18 31.779
19 19 -1
19 20 133.685
19 21 148.13
19 22 249.585
19 23 247.881
19 24 21.632
19 25 141.435
19 26 -1
19 27 172.311
19 28 23.976
19 29 -1
19 30 -1
19 31 -1
19 32 -1
19 33 -1
19 34 -1
19 35 -1
19 36 -1
19 37 29.999
19 38 33.735
19 39 262.137
19 40 111.888
19 41 173.751
19 42 173.618
19 43 21.314
19 44 190.633
19 45 154.829
19 46 164.249
19 47 112.379
19 48 68.668
19 49 60.901
19 50 157.177
19 51 -1
20 0 121.379
20 1 139.571
20 2 61.577
20 3 61.577
20 4 96.712
20 5 129.171
20 6 117.838
20 7 117.688
20 8 42.847
20 9 52.095
20 10 161.05
20 11 41.419
20 12 122.271
20 13 128.18
20 14 27.416
20 15 193.117
20 16 132.344
20 17 43.342
20 18 107.592
20 19 133.998
20 20 -1
20 21 19.893
20 22 121.348
20 23 119.644
20 24 128.081
20 25 10.807
20 26 -1
20 27 44.074
20 28 118.887
20 29 -1
20 30 -1
20 31 -1
20 32 -1
20 33 -1
20 34 -1
20 35 -1
20 36 -1
20 37 116.176
20 38 115.583
20 39 133.9
20 40 40.598
20 41 45.514
20 42 45.381
20 43 119.538
20 44 62.396
20 45 26.592
20 46 36.012
20 47 41.089
20 48 72.462
20 49 76.971
20 50 28.94
20 51 -1
21 0 106.383
21 1 155.07
21 2 46.581
21 3 46.581
21 4 81.716
21 5 144.67
21 6 133.337
21 7 133.187
21 8 27.851
21 9 37.099
21 10 176.549
21 11 26.423
21 12 137.77
21 13 143.679
21 14 42.915
21 15 208.616
21 16 147.843
21 17 28.346
21 18 123.091
21 19 149.497
21 20 18.453
21 21 -1
21 22 106.352
21 23 104.648
21 24 143.58
21 25 10.844
21 26 -1
21 27 29.078
21 28 134.386
21 29 -1
21 30 -1
21 31 -1
21 32 -1
21 33 -1
21 34 -1
21 35 -1
21 36 -1
21 37 131.675
21 38 131.082
21 39 118.904
21 40 56.097
21 41 30.518
21 42 30.385
21 43 135.037
21 44 47.4
21 45 7.043
21 46 15.105
21 47 56.588
21 48 87.961
21 49 92.47
21 50 12.359
21 51 -1
22 0 1.237
22 1 255.175
22 2 103.501
22 3 103.501
22 4 32.397
22 5 244.775
22 6 233.442
22 7 233.292
22 8 90.371
22 9 105.35
22 10 -1
22 11 84.258
22 12 237.875
22 13 243.784
22 14 143.02
22 15 -1
22 16 247.948
22 17 94.898
22 18 223.196
22 19 249.602
22 20 120.283
22 21 105.915
22 22 -1
22 23 8.023
22 24 243.685
22 25 116.368
22 26 -1
22 27 85.71
22 28 234.491
22 29 -1
22 30 -1
22 31 -1
22 32 -1
22 33 -1
22 34 -1
22 35 -1
22 36 -1
22 37 231.78
22 38 231.187
22 39 15.283
22 40 156.202
22 41 88.537
22 42 82.656
22 43 235.142
22 44 61.16
22 45 107.69
22 46 95.74
22 47 156.693
22 48 188.066
22 49 192.575
22 50 106.043
22 51 -1
23 0 8.482
23 1 253.325
23 2 101.651
23 3 101.651
23 4 30.547
23 5 242.925
23 6 231.592
23 7 231.442
23 8 88.521
23 9 103.5
23 10 -1
23 11 82.408
23 12 236.025
23 13 241.934
23 14 141.17
23 15 -1
23 16 246.098
23 17 93.048
23 18 221.346
23 19 247.752
23 20 118.433
23 21 104.065
23 22 8.451
23 23 -1
23 24 241.835
23 25 114.518
23 26 -1
23 27 83.86
23 28 232.641
23 29 -1
23 30 -1
23 31 -1
23 32 -1
23 33 -1
23 34 -1
23 35 -1
23 36 -1
23 37 229.93
23 38 229.337
23 39 21.003
23 40 154.352
23 41 86.687
23 42 80.806
23 43 233.292
23 44 59.31
23 45 105.84
23 46 93.89
23 47 154.843
23 48 186.216
23 49 190.725
23 50 104.193
23 51 -1
24 0 244.592
24 1 44.253
24 2 184.79
24 3 184.79
24 4 219.925
24 5 33.853
24 6 39.615
24 7 39.465
24 8 166.06
24 9 175.308
24 10 41.85
24 11 164.632
24 12 27.208
24 13 49.957
24 14 103.747
24 15 95.18
24 16 13.144
24 17 166.555
24 18 36.811
24 19 21.823
24 20 128.661
24 21 143.106
24 22 244.561
24 23 242.857
24 24 -1
24 25 136.411
24 26 -1
24 27 167.287
24 28 26.891
24 29 -1
24 30 -1
24 31 -1
24 32 -1
24 33 -1
24 34 -1
24 35 -1
24 36 -1
24 37 28.785
24 38 26.674
24 39 257.113
24 40 106.22
24 41 168.727
24 42 168.594
24 43 16.334
24 44 185.609
24 45 149.805
24 46 159.225
24 47 106.711
24 48 72.086
24 49 53.76
24 50 152.153
24 51 -1
25 0 117.253
25 1 147.725
25 2 57.451
25 3 57.451
25 4 92.586
25 5 137.325
25 6 125.992
25 7 125.842
25 8 38.721
25 9 47.969
25 10 169.204
25 11 37.293
25 12 130.425
25 13 136.334
25 14 35.57
25 15 201.271
25 16 140.498
25 17 39.216
25 18 115.746
25 19 142.152
25 20 10.964
25 21 12.159
25 22 117.222
25 23 115.518
25 24 136.235
25 25 -1
25 26 -1
25 27 39.948
25 28 127.041
25 29 -1
25 30 -1
25 31 -1
25 32 -1
25 33 -1
25 34 -1
25 35 -1
25 36 -1
25 37 124.33
25 38 123.737
25 39 129.774
25 40 48.752
25 41 41.388
25 42 41.255
25 43 127.692
25 44 58.27
25 45 19.203
25 46 31.886
25 47 49.243
25 48 80.616
25 49 85.125
25 50 21.706
25 51 -1
26 0 -1
26 1 -1
26 2 -1
26 3 -1
26 4 -1
26 5 -1
26 6 -1
26 7 -1
26 8 -1
26 9 -1
26 10 -1
26 11 -1
26 12 -1
26 13 -1
26 14 -1
26 15 -1
26 16 -1
26 17 -1
26 18 -1
26 19 -1
26 20 -1
26 21 -1
26 22 -1
26 23 -1
26 24 -1
26 25 -1
26 26 -1
26 27 -1
26 28 -1
26 29 22.004
26 30 22.324
26 31 38.604
26 32 -1
26 33 52.407
26 34 52.361
26 35 51.967
26 36 51.77
26 37 -1
26 38 -1
26 39 -1
26 40 -1
26 41 -1
26 42 -1
26 43 -1
26 44 -1
26 45 -1
26 46 -1
26 47 -1
26 48 -1
26 49 -1
26 50 -1
26 51 25.532
27 0 87.102
27 1 177.107
27 2 20.171
27 3 20.171
27 4 62.435
27 5 166.707
27 6 155.374
27 7 155.224
27 8 2.539
27 9 28.153
27 10 198.586
27 11 2.93
27 12 159.807
27 13 165.716
27 14 64.952
27 15 230.653
27 16 169.88
27 17 6.648
27 18 145.128
27 19 171.534
27 20 42.215
27 21 27.847
27 22 87.071
27 23 85.367
27 24 165.617
27 25 38.3
27 26 -1
27 27 -1
27 28 156.423
27 29 -1
27 30 -1
27 31 -1
27 32 -1
27 33 -1
27 34 -1
27 35 -1
27 36 -1
27 37 153.712
27 38 153.119
27 39 99.623
27 40 78.134
27 41 4.229
27 42 11.541
27 43 157.074
27 44 28.119
27 45 25.219
27 46 13.269
27 47 78.625
27 48 109.998
27 49 114.507
27 50 19.228
27 51 -1
28 0 239.528
28 1 30.051
28 2 179.726
28 3 179.726
28 4 214.861
28 5 19.651
28 6 12.818
28 7 10.449
28 8 160.996
28 9 170.244
28 10 50.277
28 11 159.568
28 12 1.671
28 13 21.843
28 14 100.914
28 15 83.597
28 16 13.964
28 17 161.491
28 18 16.776
28 19 12.192
28 20 123.597
28 21 138.042
28 22 239.497
28 23 237.793
28 24 26.108
28 25 131.347
28 26 -1
28 27 162.223
28 28 -1
28 29 -1
28 30 -1
28 31 -1
28 32 -1
28 33 -1
28 34 -1
28 35 -1
28 36 -1
28 37 5.101
28 38 3.956
28 39 252.049
28 40 101.8
28 41 163.663
28 42 163.53
28 43 0.955
28 44 180.545
28 45 144.741
28 46 154.161
28 47 102.291
28 48 58.58
28 49 50.813
28 50 147.089
28 51 -1
29 0 -1
29 1 -1
29 2 -1
29 3 -1
29 4 -1
29 5 -1
29 6 -1
29 7 -1
29 8 -1
29 9 -1
29 10 -1
29 11 -1
29 12 -1
29 13 -1
29 14 -1
29 15 -1
29 16 -1
29 17 -1
29 18 -1
29 19 -1
29 20 -1
29 21 -1
29 22 -1
29 23 -1
29 24 -1
29 25 -1
29 26 17.761
29 27 -1
29 28 -1
29 29 -1
29 30 11.665
29 31 27.505
29 32 260.587
29 33 30.441
29 34 30.395
29 35 30.001
29 36 29.804
29 37 -1
29 38 -1
29 39 -1
29 40 -1
29 41 -1
29 42 -1
29 43 -1
29 44 -1
29 45 -1
29 46 -1
29 47 -1
29 48 -1
29 49 -1
29 50 -1
29 51 10.201
30 0 -1
30 1 -1
30 2 -1
30 3 -1
30 4 -1
30 5 -1
30 6 -1
30 7 -1
30 8 -1
30 9 -1
30 10 -1
30 11 -1
30 12 -1
30 13 -1
30 14 -1
30 15 -1
30 16 -1
30 17 -1
30 18 -1
30 19 -1
30 20 -1
30 21 -1
30 22 -1
30 23 -1
30 24 -1
30 25 -1
30 26 19.167
30 27 -1
30 28 -1
30 29 14.335
30 30 -1
30 31 27.162
30 32 -1
30 33 38.246
30 34 38.2
30 35 37.806
30 36 37.609
30 37 -1
30 38 -1
30 39 -1
30 40 -1
30 41 -1
30 42 -1
30 43 -1
30 44 -1
30 45 -1
30 46 -1
30 47 -1
30 48 -1
30 49 -1
30 50 -1
30 51 11.371
31 0 -1
31 1 -1
31 2 -1
31 3 -1
31 4 -1
31 5 -1
31 6 -1
31 7 -1
31 8 -1
31 9 -1
31 10 -1
31 11 -1
31 12 -1
31 13 -1
31 14 -1
31 15 -1
31 16 -1
31 17 -1
31 18 -1
31 19 -1
31 20 -1
31 21 -1
31 22 -1
31 23 -1
31 24 -1
31 25 -1
31 26 39.366
31 27 -1
31 28 -1
31 29 31.734
31 30 26.582
31 31 -1
31 32 256.484
31 33 45.304
31 34 45.426
31 35 45.26
31 36 45.063
31 37 -1
31 38 -1
31 39 -1
31 40 -1
31 41 -1
31 42 -1
31 43 -1
31 44 -1
31 45 -1
31 46 -1
31 47 -1
31 48 -1
31 49 -1
31 50 -1
31 51 27.139
32 0 -1
32 1 -1
32 2 -1
32 3 -1
32 4 -1
32 5 -1
32 6 -1
32 7 -1
32 8 -1
32 9 -1
32 10 -1
32 11 -1
32 12 -1
32 13 -1
32 14 -1
32 15 -1
32 16 -1
32 17 -1
32 18 -1
32 19 -1
32 20 -1
32 21 -1
32 22 -1
32 23 -1
32 24 -1
32 25 -1
32 26 228.055
32 27 -1
32 28 -1
32 29 214.06
32 30 221.959
32 31 210.355
32 32 -1
32 33 205.668
32 34 205.79
32 35 205.624
32 36 205.427
32 37 -1
32 38 -1
32 39 -1
32 40 -1
32 41 -1
32 42 -1
32 43 -1
32 44 -1
32 45 -1
32 46 -1
32 47 -1
32 48 -1
32 49 -1
32 50 -1
32 51 220.495
33 0 -1
33 1 -1
33 2 -1
33 3 -1
33 4 -1
33 5 -1
33 6 -1
33 7 -1
33 8 -1
33 9 -1
33 10 -1
33 11 -1
33 12 -1
33 13 -1
33 14 -1
33 15 -1
33 16 -1
33 17 -1
33 18 -1
33 19 -1
33 20 -1
33 21 -1
33 22 -1
33 23 -1
33 24 -1
33 25 -1
33 26 43.747
33 27 -1
33 28 -1
33 29 29.752
33 30 37.651
33 31 45.666
33 32 250.886
33 33 -1
33 34 0.581
33 35 0.504
33 36 0.851
33 37 -1
33 38 -1
33 39 -1
33 40 -1
33 41 -1
33 42 -1
33 43 -1
33 44 -1
33 45 -1
33 46 -1
33 47 -1
33 48 -1
33 49 -1
33 50 -1
33 51 36.187
34 0 -1
34 1 -1
34 2 -1
34 3 -1
34 4 -1
34 5 -1
34 6 -1
34 7 -1
34 8 -1
34 9 -1
34 10 -1
34 11 -1
34 12 -1
34 13 -1
34 14 -1
34 15 -1
34 16 -1
34 17 -1
34 18 -1
34 19 -1
34 20 -1
34 21 -1
34 22 -1
34 23 -1
34 24 -1
34 25 -1
34 26 43.85
34 27 -1
34 28 -1
34 29 29.855
34 30 37.754
34 31 45.769
34 32 250.989
34 33 0.562
34 34 -1
34 35 0.607
34 36 0.954
34 37 -1
34 38 -1
34 39 -1
34 40 -1
34 41 -1
34 42 -1
34 43 -1
34 44 -1
34 45 -1
34 46 -1
34 47 -1
34 48 -1
34 49 -1
34 50 -1
34 51 36.29
35 0 -1
35 1 -1
35 2 -1
35 3 -1
35 4 -1
35 5 -1
35 6 -1
35 7 -1
35 8 -1
35 9 -1
35 10 -1
35 11 -1
35 12 -1
35 13 -1
35 14 -1
35 15 -1
35 16 -1
35 17 -1
35 18 -1
35 19 -1
35 20 -1
35 21 -1
35 22 -1
35 23 -1
35 24 -1
35 25 -1
35 26 43.341
35 27 -1
35 28 -1
35 29 29.346
35 30 37.245
35 31 45.26
35 32 250.48
35 33 0.522
35 34 0.644
35 35 -1
35 36 0.445
35 37 -1
35 38 -1
35 39 -1
35 40 -1
35 41 -1
35 42 -1
35 43 -1
35 44 -1
35 45 -1
35 46 -1
35 47 -1
35 48 -1
35 49 -1
35 50 -1
35 51 35.781
36 0 -1
36 1 -1
36 2 -1
36 3 -1
36 4 -1
36 5 -1
36 6 -1
36 7 -1
36 8 -1
36 9 -1
36 10 -1
36 11 -1
36 12 -1
36 13 -1
36 14 -1
36 15 -1
36 16 -1
36 17 -1
36 18 -1
36 19 -1
36 20 -1
36 21 -1
36 22 -1
36 23 -1
36 24 -1
36 25 -1
36 26 43.07
36 27 -1
36 28 -1
36 29 29.075
36 30 36.974
36 31 44.989
36 32 250.209
36 33 1.065
36 34 1.035
36 35 0.641
36 36 -1
36 37 -1
36 38 -1
36 39 -1
36 40 -1
36 41 -1
36 42 -1
36 43 -1
36 44 -1
36 45 -1
36 46 -1
36 47 -1
36 48 -1
36 49 -1
36 50 -1
36 51 35.51
37 0 230.168
37 1 36.365
37 2 170.366
37 3 170.366
37 4 205.501
37 5 25.965
37 6 9.544
37 7 7.095
37 8 151.636
37 9 160.884
37 10 56.591
37 11 150.208
37 12 5.946
37 13 25.092
37 14 91.554
37 15 89.911
37 16 33.803
37 17 152.131
37 18 12.779
37 19 30.792
37 20 114.237
37 21 128.682
37 22 230.137
37 23 228.433
37 24 29.54
37 25 121.987
37 26 -1
37 27 152.863
37 28 5.629
37 29 -1
37 30 -1
37 31 -1
37 32 -1
37 33 -1
37 34 -1
37 35 -1
37 36 -1
37 37 -1
37 38 2.544
37 39 242.689
37 40 92.44
37 41 154.303
37 42 154.17
37 43 6.28
37 44 171.185
37 45 135.381
37 46 144.801
37 47 92.931
37 48 49.22
37 49 41.453
37 50 137.729
37 51 -1
38 0 231.559
38 1 37.265
38 2 171.757
38 3 171.757
38 4 206.892
38 5 26.865
38 6 10.444
38 7 7.995
38 8 153.027
38 9 162.275
38 10 57.491
38 11 151.599
38 12 4.499
38 13 25.992
38 14 92.945
38 15 90.811
38 16 32.298
38 17 153.522
38 18 14.713
38 19 31.692
38 20 115.628
38 21 130.073
38 22 231.528
38 23 229.824
38 24 28.035
38 25 123.378
38 26 -1
38 27 154.254
38 28 4.182
38 29 -1
38 30 -1
38 31 -1
38 32 -1
38 33 -1
38 34 -1
38 35 -1
38 36 -1
38 37 1.563
38 38 -1
38 39 244.08
38 40 93.831
38 41 155.694
38 42 155.561
38 43 4.833
38 44 172.576
38 45 136.772
38 46 146.192
38 47 94.322
38 48 50.611
38 49 42.844
38 50 139.12
38 51 -1
39 0 15.829
39 1 268.016
39 2 116.342
39 3 116.342
39 4 45.238
39 5 257.616
39 6 246.283
39 7 246.133
39 8 103.212
39 9 118.191
39 10 -1
39 11 97.099
39 12 250.716
39 13 256.625
39 14 155.861
39 15 -1
39 16 260.789
39 17 107.739
39 18 236.037
39 19 262.443
39 20 133.124
39 21 118.756
39 22 14.658
39 23 20.864
39 24 256.526
39 25 129.209
39 26 -1
39 27 98.551
39 28 247.332
39 29 -1
39 30 -1
39 31 -1
39 32 -1
39 33 -1
39 34 -1
39 35 -1
39 36 -1
39 37 244.621
39 38 244.028
39 39 -1
39 40 169.043
39 41 101.378
39 42 95.497
39 43 247.983
39 44 74.001
39 45 120.531
39 46 108.581
39 47 169.534
39 48 200.907
39 49 205.416
39 50 118.884
39 51 -1
40 0 157.338
40 1 117.747
40 2 97.536
40 3 97.536
40 4 132.671
40 5 107.347
40 6 96.014
40 7 95.864
40 8 78.806
40 9 88.054
40 10 138.861
40 11 77.378
40 12 100.447
40 13 106.356
40 14 14.442
40 15 171.293
40 16 110.155
40 17 79.301
40 18 86.986
40 19 112.174
40 20 41.407
40 21 55.852
40 22 157.307
40 23 155.603
40 24 105.892
40 25 49.157
40 26 -1
40 27 80.033
40 28 97.063
40 29 -1
40 30 -1
40 31 -1
40 32 -1
40 33 -1
40 34 -1
40 35 -1
40 36 -1
40 37 94.352
40 38 93.759
40 39 169.859
40 40 -1
40 41 81.473
40 42 81.34
40 43 97.714
40 44 98.355
40 45 62.551
40 46 71.971
40 47 0.983
40 48 50.638
40 49 54.782
40 50 64.899
40 51 -1
41 0 89.705
41 1 179.679
41 2 16.19
41 3 16.19
41 4 65.038
41 5 169.279
41 6 157.946
41 7 157.796
41 8 6.356
41 9 29.373
41 10 201.158
41 11 4.371
41 12 162.379
41 13 168.288
41 14 67.524
41 15 233.225
41 16 172.452
41 17 2.972
41 18 147.7
41 19 174.106
41 20 44.787
41 21 30.419
41 22 89.674
41 23 87.97
41 24 168.189
41 25 40.872
41 26 -1
41 27 4.456
41 28 158.995
41 29 -1
41 30 -1
41 31 -1
41 32 -1
41 33 -1
41 34 -1
41 35 -1
41 36 -1
41 37 156.284
41 38 155.691
41 39 102.226
41 40 80.706
41 41 -1
41 42 8.564
41 43 159.646
41 44 30.722
41 45 22.258
41 46 9.445
41 47 81.197
41 48 112.57
41 49 117.079
41 50 25.997
41 51 -1
42 0 81.536
42 1 179.426
42 2 23.258
42 3 23.258
42 4 56.869
42 5 169.026
42 6 157.693
42 7 157.543
42 8 12.165
42 9 29.601
42 10 200.905
42 11 7.427
42 12 162.126
42 13 168.035
42 14 67.271
42 15 232.972
42 16 172.199
42 17 16.922
42 18 147.447
42 19 173.853
42 20 44.534
42 21 30.166
42 22 81.505
42 23 79.801
42 24 167.936
42 25 40.619
42 26 -1
42 27 11.41
42 28 158.742
42 29 -1
42 30 -1
42 31 -1
42 32 -1
42 33 -1
42 34 -1
42 35 -1
42 36 -1
42 37 156.031
42 38 155.438
42 39 94.057
42 40 80.453
42 41 8.294
42 42 -1
42 43 159.393
42 44 22.553
42 45 30.936
42 46 18.986
42 47 80.944
42 48 112.317
42 49 116.826
42 50 25.342
42 51 -1
43 0 236.688
43 1 28.432
43 2 176.886
43 3 176.886
43 4 212.021
43 5 18.032
43 6 14.532
43 7 12.163
43 8 158.156
43 9 167.404
43 10 48.635
43 11 156.728
43 12 3.291
43 13 23.557
43 14 98.074
43 15 81.955
43 16 13.317
43 17 158.651
43 18 20.465
43 19 10.505
43 20 120.757
43 21 135.202
43 22 236.657
43 23 234.953
43 24 25.075
43 25 128.507
43 26 -1
43 27 159.383
43 28 1.476
43 29 -1
43 30 -1
43 31 -1
43 32 -1
43 33 -1
43 34 -1
43 35 -1
43 36 -1
43 37 6.245
43 38 5.1
43 39 249.209
43 40 98.96
43 41 160.823
43 42 160.69
43 43 -1
43 44 177.705
43 45 141.901
43 46 151.321
43 47 99.451
43 48 55.74
43 49 39.631
43 50 144.249
43 51 -1
44 0 61.917
44 1 197.86
44 2 46.186
44 3 46.186
44 4 37.25
44 5 187.46
44 6 176.127
44 7 175.977
44 8 33.056
44 9 48.035
44 10 219.339
44 11 26.943
44 12 180.56
44 13 186.469
44 14 85.705
44 15 251.406
44 16 190.633
44 17 37.583
44 18 165.881
44 19 192.287
44 20 62.968
44 21 48.6
44 22 61.886
44 23 60.182
44 24 186.37
44 25 59.053
44 26 -1
44 27 28.395
44 28 177.176
44 29 -1
44 30 -1
44 31 -1
44 32 -1
44 33 -1
44 34 -1
44 35 -1
44 36 -1
44 37 174.465
44 38 173.872
44 39 74.438
44 40 98.887
44 41 31.222
44 42 25.341
44 43 177.827
44 44 -1
44 45 50.375
44 46 38.425
44 47 99.378
44 48 130.751
44 49 135.26
44 50 48.728
44 51 -1
45 0 109.418
45 1 161.642
45 2 35.488
45 3 35.488
45 4 84.751
45 5 151.242
45 6 139.909
45 7 139.759
45 8 23.018
45 9 39.967
45 10 183.121
45 11 26.888
45 12 144.342
45 13 150.251
45 14 49.487
45 15 215.188
45 16 154.415
45 17 19.438
45 18 129.663
45 19 156.069
45 20 26.75
45 21 7.302
45 22 109.387
45 23 107.683
45 24 150.152
45 25 23.443
45 26 -1
45 27 23.971
45 28 140.958
45 29 -1
45 30 -1
45 31 -1
45 32 -1
45 33 -1
45 34 -1
45 35 -1
45 36 -1
45 37 138.247
45 38 137.654
45 39 121.939
45 40 62.669
45 41 22.46
45 42 30.363
45 43 141.609
45 44 50.435
45 45 -1
45 46 12.879
45 47 63.16
45 48 94.533
45 49 99.042
45 50 18.931
45 51 -1
46 0 97.668
46 1 170.995
46 2 21.079
46 3 21.079
46 4 73.001
46 5 160.595
46 6 149.262
46 7 149.112
46 8 11.268
46 9 28.217
46 10 192.474
46 11 15.138
46 12 153.695
46 13 159.604
46 14 58.84
46 15 224.541
46 16 163.768
46 17 6.898
46 18 139.016
46 19 165.422
46 20 36.103
46 21 14.655
46 22 97.637
46 23 95.933
46 24 159.505
46 25 29.272
46 26 -1
46 27 12.221
46 28 150.311
46 29 -1
46 30 -1
46 31 -1
46 32 -1
46 33 -1
46 34 -1
46 35 -1
46 36 -1
46 37 147.6
46 38 147.007
46 39 110.189
46 40 72.022
46 41 9.745
46 42 18.613
46 43 150.962
46 44 38.685
46 45 13.993
46 46 -1
46 47 72.513
46 48 103.886
46 49 108.395
46 50 21.144
46 51 -1
47 0 157.767
47 1 118.176
47 2 97.965
47 3 97.965
47 4 133.1
47 5 107.776
47 6 96.443
47 7 96.293
47 8 79.235
47 9 88.483
47 10 139.29
47 11 77.807
47 12 100.876
47 13 106.785
47 14 14.871
47 15 171.722
47 16 110.584
47 17 79.73
47 18 87.415
47 19 112.603
47 20 41.836
47 21 56.281
47 22 157.736
47 23 156.032
47 24 106.321
47 25 49.586
47 26 -1
47 27 80.462
47 28 97.492
47 29 -1
47 30 -1
47 31 -1
47 32 -1
47 33 -1
47 34 -1
47 35 -1
47 36 -1
47 37 94.781
47 38 94.188
47 39 170.288
47 40 1.143
47 41 81.902
47 42 81.769
47 43 98.143
47 44 98.784
47 45 62.98
47 46 72.4
47 47 -1
47 48 51.067
47 49 55.211
47 50 65.328
47 51 -1
48 0 189.038
48 1 74.951
48 2 129.236
48 3 129.236
48 4 164.371
48 5 64.551
48 6 53.218
48 7 53.068
48 8 110.506
48 9 119.754
48 10 95.177
48 11 109.078
48 12 57.651
48 13 63.56
48 14 50.424
48 15 128.497
48 16 76.184
48 17 111.001
48 18 42.972
48 19 69.378
48 20 73.107
48 21 87.552
48 22 189.007
48 23 187.303
48 24 71.921
48 25 80.857
48 26 -1
48 27 111.733
48 28 54.267
48 29 -1
48 30 -1
48 31 -1
48 32 -1
48 33 -1
48 34 -1
48 35 -1
48 36 -1
48 37 51.556
48 38 50.963
48 39 201.559
48 40 51.31
48 41 113.173
48 42 113.04
48 43 54.918
48 44 130.055
48 45 94.251
48 46 103.671
48 47 51.801
48 48 -1
48 49 29.653
48 50 96.599
48 51 -1
49 0 193.237
49 1 67.438
49 2 133.435
49 3 133.435
49 4 168.57
49 5 57.038
49 6 45.705
49 7 45.555
49 8 114.705
49 9 123.953
49 10 86.91
49 11 113.277
49 12 50.138
49 13 56.047
49 14 52.392
49 15 120.984
49 16 58.204
49 17 115.2
49 18 35.035
49 19 66.883
49 20 77.306
49 21 91.751
49 22 193.206
49 23 191.502
49 24 53.941
49 25 85.056
49 26 -1
49 27 115.932
49 28 38.242
49 29 -1
49 30 -1
49 31 -1
49 32 -1
49 33 -1
49 34 -1
49 35 -1
49 36 -1
49 37 44.043
49 38 43.45
49 39 205.758
49 40 54.865
49 41 117.372
49 42 117.239
49 43 38.893
49 44 134.254
49 45 98.45
49 46 107.87
49 47 55.356
49 48 29.78
49 49 -1
49 50 100.798
49 51 -1
50 0 106.388
50 1 164.014
50 2 43.646
50 3 43.646
50 4 81.721
50 5 153.614
50 6 142.281
50 7 142.131
50 8 19.432
50 9 14.658
50 10 185.493
50 11 26.428
50 12 146.714
50 13 152.623
50 14 51.859
50 15 217.56
50 16 156.787
50 17 24.189
50 18 132.035
50 19 158.441
50 20 29.122
50 21 12.256
50 22 106.357
50 23 104.653
50 24 152.524
50 25 20.104
50 26 -1
50 27 20.962
50 28 143.33
50 29 -1
50 30 -1
50 31 -1
50 32 -1
50 33 -1
50 34 -1
50 35 -1
50 36 -1
50 37 140.619
50 38 140.026
50 39 118.909
50 40 65.041
50 41 25.775
50 42 25.841
50 43 143.981
50 44 47.405
50 45 18.808
50 46 20.943
50 47 65.532
50 48 96.905
50 49 101.414
50 50 -1
50 51 -1
51 0 -1
51 1 -1
51 2 -1
51 3 -1
51 4 -1
51 5 -1
51 6 -1
51 7 -1
51 8 -1
51 9 -1
51 10 -1
51 11 -1
51 12 -1
51 13 -1
51 14 -1
51 15 -1
51 16 -1
51 17 -1
51 18 -1
51 19 -1
51 20 -1
51 21 -1
51 22 -1
51 23 -1
51 24 -1
51 25 -1
51 26 17.355
51 27 -1
51 28 -1
51 29 12.295
51 30 11.259
51 31 27.052
51 32 266.352
51 33 36.206
51 34 36.16
51 35 35.766
51 36 35.569
51 37 -1
51 38 -1
51 39 -1
51 40 -1
51 41 -1
51 42 -1
51 43 -1
51 44 -1
51 45 -1
51 46 -1
51 47 -1
51 48 -1
51 49 -1
51 50 -1
51 51 -1
;