set nodes := 0 1 2 3 4 5 6 7 8 9 10 11 12 13 14 15 16 17 18 19 20 21 22 23 24 25 26 27 28 29 30 31 32 33 34 35 36 37 38 39 40 41 42 43 44 45 46 47 48 49 ;

param start_node := 0 ;

param end_node := 49 ;

param max_capacity := 57.5 ;

param min_capacity := 2.875 ;

param start_capacity := 57.5 ;

param car_efficiency := 0.1513157894736842 ;

param max_charge_time := 0.75 ;

param min_charge_time := 0.25 ;

param charger_power :=
0 0
1 11.0
2 50.0
3 11.0
4 50.0
5 11.0
6 11.0
7 11.0
8 11.0
9 11.0
10 11.0
11 11.0
12 50.0
13 11.0
14 11.0
15 11.0
16 11.0
17 11.0
18 11.0
19 95.0
20 22.0
21 11.0
22 11.0
23 11.0
24 11.0
25 11.0
26 11.0
27 95.0
28 50.0
29 50.0
30 50.0
31 50.0
32 50.0
33 11.0
34 50.0
35 95.0
36 11.0
37 50.0
38 11.0
39 40.0
40 50.0
41 11.0
42 95.0
43 11.0
44 11.0
45 50.0
46 11.0
47 7.0
48 40.0
49 0
;

param arc_time :=
0 0 -1
0 1 1.195
0 2 1.195
0 3 0.09333333333333332
0 4 0.21
0 5 1.1722216666666665
0 6 1.2627783333333333
0 7 0.371945
0 8 1.2536116666666668
0 9 1.2886116666666667
0 10 2.243333333333333
0 11 1.2363883333333334
0 12 1.2022216666666667
0 13 -1
0 14 0.1725
0 15 0.15277833333333335
0 16 0.1525
0 17 -1
0 18 1.7491666666666668
0 19 2.0191666666666666
0 20 0.5275
0 21 0.16222166666666665
0 22 0.1988883333333333
0 23 0.12361166666666666
0 24 0.10666666666666667
0 25 0.14666666666666667
0 26 0.078055
0 27 0.15916666666666668
0 28 0.320555
0 29 2.110555
0 30 2.137221666666667
0 31 2.0616666666666665
0 32 1.2108333333333334
0 33 -1
0 34 1.1916666666666667
0 35 -1
0 36 1.2075
0 37 1.1469449999999999
0 38 -1
0 39 1.2016666666666667
0 40 -1
0 41 -1
0 42 -1
0 43 0.7858333333333333
0 44 -1
0 45 -1
0 46 0.9002783333333333
0 47 2.086945
0 48 0.8036116666666667
0 49 -1
1 0 1.1738883333333334
1 1 -1
1 2 0.012221666666666665
1 3 1.109445
1 4 1.1944450000000002
1 5 0.22111166666666668
1 6 0.311945
1 7 1.0472216666666667
1 8 0.3025
1 9 0.3375
1 10 1.318055
1 11 0.28555499999999995
1 12 0.2511116666666667
1 13 2.2175000000000002
1 14 1.1569450000000001
1 15 1.2297216666666666
1 16 1.1916666666666667
1 17 -1
1 18 0.8236116666666666
1 19 1.0936116666666666
1 20 1.3144449999999999
1 21 1.2027783333333335
1 22 1.1902783333333333
1 23 1.2297216666666666
1 24 1.2408333333333335
1 25 1.2280550000000001
1 26 1.2113883333333333
1 27 1.190555
1 28 1.2947216666666668
1 29 1.1852783333333332
1 30 1.211945
1 31 1.1363883333333333
1 32 0.26
1 33 1.9322216666666667
1 34 0.240555
1 35 -1
1 36 0.25638833333333333
1 37 0.19583333333333333
1 38 -1
1 39 0.250555
1 40 -1
1 41 -1
1 42 -1
1 43 0.6475000000000001
1 44 -1
1 45 -1
1 46 0.5819449999999999
1 47 1.1616666666666666
1 48 0.5461116666666667
1 49 -1
2 0 1.2133333333333334
2 1 0.056945
2 2 -1
2 3 1.1488883333333333
2 4 1.2338883333333333
2 5 0.260555
2 6 0.35111166666666666
2 7 1.0866666666666667
2 8 0.341945
2 9 0.37694500000000003
2 10 1.3572216666666668
2 11 0.3247216666666667
2 12 0.290555
2 13 2.256666666666667
2 14 1.1963883333333334
2 15 1.2691666666666668
2 16 1.2311116666666666
2 17 -1
2 18 0.8630549999999999
2 19 1.133055
2 20 1.3538883333333334
2 21 1.2422216666666666
2 22 1.229445
2 23 1.2691666666666668
2 24 1.2802783333333332
2 25 1.2672216666666667
2 26 1.2508333333333332
2 27 1.2297216666666666
2 28 1.3338883333333333
2 29 1.224445
2 30 1.2511116666666666
2 31 1.175555
2 32 0.29916666666666664
2 33 1.9716666666666667
2 34 0.28
2 35 -1
2 36 0.29583333333333334
2 37 0.23527833333333334
2 38 -1
2 39 0.29
2 40 -1
2 41 -1
2 42 -1
2 43 0.686945
2 44 -1
2 45 -1
2 46 0.6213883333333333
2 47 1.2008333333333332
2 48 0.5855549999999999
2 49 -1
3 0 0.07
3 1 1.1247216666666666
3 2 1.125
3 3 -1
3 4 0.15027833333333335
3 5 1.101945
3 6 1.1927783333333333
3 7 0.301945
3 8 1.1833333333333333
3 9 1.2183333333333333
3 10 2.1730549999999997
3 11 1.1663883333333334
3 12 1.1319450000000002
3 13 -1
3 14 0.196945
3 15 0.18111166666666667
3 16 0.17888833333333334
3 17 -1
3 18 1.6788883333333333
3 19 1.9488883333333333
3 20 0.460555
3 21 0.13027833333333333
3 22 0.12527833333333332
3 23 0.13388833333333333
3 24 0.13277833333333333
3 25 0.13222166666666665
3 26 0.10416666666666667
3 27 0.16583333333333333
3 28 0.2502783333333333
3 29 2.040555
3 30 2.066945
3 31 1.9916666666666667
3 32 1.1408333333333334
3 33 -1
3 34 1.1213883333333332
3 35 -1
3 36 1.1372216666666666
3 37 1.0766666666666667
3 38 -1
3 39 1.1313883333333334
3 40 -1
3 41 -1
3 42 -1
3 43 0.7158333333333334
3 44 -1
3 45 -1
3 46 0.83
3 47 2.016945
3 48 0.7333333333333333
3 49 -1
4 0 0.21777833333333335
4 1 1.1880549999999999
4 2 1.1883333333333332
4 3 0.15388833333333332
4 4 -1
4 5 1.1655550000000001
4 6 1.2561116666666665
4 7 0.3652783333333333
4 8 1.2466666666666666
4 9 1.2816666666666667
4 10 2.2366666666666664
4 11 1.2297216666666666
4 12 1.1952783333333334
4 13 -1
4 14 0.22583333333333336
4 15 0.15666666666666668
4 16 0.1761116666666667
4 17 -1
4 18 1.7422216666666666
4 19 2.0122216666666666
4 20 0.43666666666666665
4 21 0.10583333333333332
4 22 0.2561116666666667
4 23 0.15027833333333335
4 24 0.1675
4 25 0.14861166666666667
4 26 0.16
4 27 0.14138833333333334
4 28 0.22805499999999998
4 29 2.1038883333333334
4 30 2.1302783333333335
4 31 2.055
4 32 1.2041666666666666
4 33 -1
4 34 1.1847216666666667
4 35 -1
4 36 1.200555
4 37 1.1400000000000001
4 38 -1
4 39 1.1947216666666667
4 40 -1
4 41 -1
4 42 -1
4 43 0.7791666666666667
4 44 -1
4 45 -1
4 46 0.8933333333333333
4 47 2.0802783333333332
4 48 0.7966666666666666
4 49 -1
5 0 1.1566666666666667
5 1 0.215
5 2 0.21527833333333335
5 3 1.0922216666666666
5 4 1.1772216666666668
5 5 -1
5 6 0.18416666666666667
5 7 1.03
5 8 0.175
5 9 0.21
5 10 1.1902783333333333
5 11 0.15277833333333335
5 12 0.12361166666666666
5 13 2.0897216666666667
5 14 1.1397216666666667
5 15 1.2125
5 16 1.174445
5 17 -1
5 18 0.6961116666666667
5 19 0.9661116666666667
5 20 1.2972216666666665
5 21 1.1855550000000001
5 22 1.1730550000000002
5 23 1.2125
5 24 1.2236116666666668
5 25 1.210555
5 26 1.1941666666666668
5 27 1.1733333333333333
5 28 1.2772216666666667
5 29 1.0575
5 30 1.0841666666666667
5 31 1.0086116666666667
5 32 0.19749999999999998
5 33 1.8047216666666666
5 34 0.11305499999999999
5 35 -1
5 36 0.22472166666666665
5 37 0.16777833333333333
5 38 -1
5 39 0.123055
5 40 -1
5 41 -1
5 42 -1
5 43 0.6302783333333333
5 44 -1
5 45 -1
5 46 0.5647216666666667
5 47 1.0338883333333333
5 48 0.5288883333333333
5 49 -1
6 0 1.2502783333333334
6 1 0.313055
6 2 0.313055
6 3 1.1858333333333335
6 4 1.2708333333333333
6 5 0.19722166666666666
6 6 -1
6 7 1.1236116666666667
6 8 0.09111166666666667
6 9 0.15055500000000002
6 10 1.1841666666666666
6 11 0.21
6 12 0.16361166666666668
6 13 2.0836116666666666
6 14 1.2333333333333334
6 15 1.3061116666666666
6 16 1.268055
6 17 -1
6 18 0.6897216666666667
6 19 0.9597216666666667
6 20 1.3908333333333334
6 21 1.2791666666666666
6 22 1.2663883333333332
6 23 1.3061116666666666
6 24 1.3172216666666665
6 25 1.3041666666666667
6 26 1.2877783333333332
6 27 1.2666666666666666
6 28 1.3708333333333333
6 29 1.0513883333333334
6 30 1.078055
6 31 1.0025
6 32 0.24361166666666667
6 33 1.7983333333333333
6 34 0.16527833333333333
6 35 -1
6 36 0.32277833333333333
6 37 0.2658333333333333
6 38 -1
6 39 0.19638833333333333
6 40 -1
6 41 -1
6 42 -1
6 43 0.7238883333333334
6 44 -1
6 45 -1
6 46 0.6583333333333333
6 47 1.0277783333333332
6 48 0.6225
6 49 -1
7 0 0.358055
7 1 1.0258333333333334
7 2 1.0258333333333334
7 3 0.2936116666666667
7 4 0.3786116666666667
7 5 1.003055
7 6 1.0936116666666666
7 7 -1
7 8 1.0844449999999999
7 9 1.119445
7 10 2.0741666666666667
7 11 1.0672216666666665
7 12 1.033055
7 13 -1
7 14 0.37083333333333335
7 15 0.41611166666666666
7 16 0.3783333333333333
7 17 -1
7 18 1.5799999999999998
7 19 1.8497216666666667
7 20 0.5361116666666667
7 21 0.41027833333333336
7 22 0.3766666666666667
7 23 0.41388833333333336
7 24 0.4275
7 25 0.411945
7 26 0.395555
7 27 0.4163883333333333
7 28 0.47861166666666666
7 29 1.9413883333333333
7 30 1.9680549999999999
7 31 1.8924999999999998
7 32 1.0416666666666667
7 33 -1
7 34 1.0225
7 35 -1
7 36 1.0383333333333333
7 37 0.9777783333333333
7 38 -1
7 39 1.0325
7 40 -1
7 41 -1
7 42 -1
7 43 0.6166666666666667
7 44 -1
7 45 -1
7 46 0.7311116666666667
7 47 1.9177783333333334
7 48 0.6344449999999999
7 49 -1
8 0 1.2208333333333334
8 1 0.2833333333333333
8 2 0.28361166666666665
8 3 1.1561116666666666
8 4 1.2413883333333333
8 5 0.1675
8 6 0.057778333333333334
8 7 1.0941666666666667
8 8 -1
8 9 0.08722166666666667
8 10 1.154445
8 11 0.180555
8 12 0.13416666666666668
8 13 2.0538883333333335
8 14 1.2038883333333332
8 15 1.2763883333333332
8 16 1.2386116666666667
8 17 -1
8 18 0.6602783333333334
8 19 0.9302783333333333
8 20 1.3613883333333334
8 21 1.2494450000000001
8 22 1.236945
8 23 1.2766666666666666
8 24 1.2877783333333332
8 25 1.2747216666666668
8 26 1.258055
8 27 1.2372216666666667
8 28 1.3413883333333334
8 29 1.0216666666666667
8 30 1.0483333333333333
8 31 0.9727783333333334
8 32 0.21416666666666667
8 33 1.7688883333333334
8 34 0.135555
8 35 -1
8 36 0.293055
8 37 0.23611166666666666
8 38 -1
8 39 0.166945
8 40 -1
8 41 -1
8 42 -1
8 43 0.694445
8 44 -1
8 45 -1
8 46 0.6286116666666667
8 47 0.998055
8 48 0.5927783333333333
8 49 -1
9 0 1.283055
9 1 0.3458333333333333
9 2 0.3458333333333333
9 3 1.2186116666666666
9 4 1.3036116666666666
9 5 0.23
9 6 0.14666666666666667
9 7 1.1563883333333334
9 8 0.11138833333333334
9 9 -1
9 10 1.216945
9 11 0.24277833333333335
9 12 0.19638833333333333
9 13 2.1163883333333335
9 14 1.2661116666666667
9 15 1.3388883333333332
9 16 1.3008333333333333
9 17 -1
9 18 0.7225
9 19 0.9924999999999999
9 20 1.4236116666666667
9 21 1.3119450000000001
9 22 1.2991666666666668
9 23 1.3388883333333332
9 24 1.35
9 25 1.336945
9 26 1.320555
9 27 1.299445
9 28 1.4036116666666667
9 29 1.0841666666666667
9 30 1.1108333333333333
9 31 1.0352783333333333
9 32 0.27638833333333335
9 33 1.8311116666666665
9 34 0.198055
9 35 -1
9 36 0.355555
9 37 0.29861166666666666
9 38 -1
9 39 0.22916666666666666
9 40 -1
9 41 -1
9 42 -1
9 43 0.7566666666666666
9 44 -1
9 45 -1
9 46 0.6911116666666667
9 47 1.060555
9 48 0.6552783333333333
9 49 -1
10 0 2.1483333333333334
10 1 1.2349999999999999
10 2 1.2352783333333333
10 3 2.0838883333333333
10 4 2.1688883333333333
10 5 1.1191666666666669
10 6 1.1136116666666667
10 7 2.0216666666666665
10 8 1.1041666666666667
10 9 1.1391666666666667
10 10 -1
10 11 1.1322216666666667
10 12 1.085555
10 13 1.3944450000000002
10 14 2.131388333333333
10 15 2.2041666666666666
10 16 2.1661116666666667
10 17 2.0341666666666667
10 18 0.4997216666666667
10 19 0.28972166666666666
10 20 2.2888883333333334
10 21 2.1772216666666666
10 22 2.164445
10 23 2.2041666666666666
10 24 2.215278333333333
10 25 2.2022216666666665
10 26 2.1858333333333335
10 27 2.1647216666666664
10 28 2.2688883333333334
10 29 0.14861166666666667
10 30 0.2758333333333333
10 31 0.22527833333333333
10 32 1.1741666666666668
10 33 1.109445
10 34 1.0872216666666668
10 35 -1
10 36 1.2447216666666667
10 37 1.1877783333333334
10 38 -1
10 39 1.1183333333333332
10 40 -1
10 41 -1
10 42 -1
10 43 1.621945
10 44 -1
10 45 -1
10 46 1.5563883333333335
10 47 0.2533333333333333
10 48 1.520555
10 49 -1
11 0 1.2233333333333334
11 1 0.2816666666666666
11 2 0.2816666666666666
11 3 1.1586116666666666
11 4 1.2438883333333335
11 5 0.16361166666666668
11 6 0.1925
11 7 1.0966666666666667
11 8 0.18333333333333332
11 9 0.21833333333333332
11 10 1.1988883333333333
11 11 -1
11 12 0.12222166666666667
11 13 2.098055
11 14 1.2061116666666665
11 15 1.2788883333333334
11 16 1.2411116666666666
11 17 -1
11 18 0.704445
11 19 0.974445
11 20 1.3638883333333331
11 21 1.2519449999999999
11 22 1.239445
11 23 1.2788883333333334
11 24 1.2902783333333334
11 25 1.2772216666666667
11 26 1.260555
11 27 1.2397216666666668
11 28 1.3438883333333334
11 29 1.0661116666666668
11 30 1.0925
11 31 1.0172216666666667
11 32 0.21638833333333332
11 33 1.8130549999999999
11 34 0.08
11 35 -1
11 36 0.2913883333333333
11 37 0.23444500000000001
11 38 -1
11 39 0.12027833333333333
11 40 -1
11 41 -1
11 42 -1
11 43 0.6969449999999999
11 44 -1
11 45 -1
11 46 0.6311116666666667
11 47 1.0425
11 48 0.5952783333333334
11 49 -1
12 0 1.15
12 1 0.20833333333333334
12 2 0.20833333333333334
12 3 1.0852783333333333
12 4 1.170555
12 5 0.0925
12 6 0.13138833333333333
12 7 1.0233333333333332
12 8 0.12222166666666667
12 9 0.15722166666666665
12 10 1.1377783333333333
12 11 0.095555
12 12 -1
12 13 2.0369450000000002
12 14 1.133055
12 15 1.2058333333333333
12 16 1.1677783333333334
12 17 -1
12 18 0.6433333333333333
12 19 0.9133333333333333
12 20 1.2905550000000001
12 21 1.1786116666666666
12 22 1.1661116666666667
12 23 1.2058333333333333
12 24 1.216945
12 25 1.2038883333333332
12 26 1.1872216666666666
12 27 1.1663883333333334
12 28 1.270555
12 29 1.005
12 30 1.0313883333333334
12 31 0.9561116666666667
12 32 0.19611166666666666
12 33 1.7519449999999999
12 34 0.050555
12 35 -1
12 36 0.218055
12 37 0.16111166666666668
12 38 -1
12 39 0.09166666666666666
12 40 -1
12 41 -1
12 42 -1
12 43 0.6236116666666667
12 44 -1
12 45 -1
12 46 0.5577783333333334
12 47 0.9813883333333333
12 48 0.521945
12 49 -1
13 0 -1
13 1 2.2150000000000003
13 2 2.2150000000000003
13 3 -1
13 4 -1
13 5 2.0991666666666666
13 6 2.0933333333333333
13 7 -1
13 8 2.0841666666666665
13 9 2.1191666666666666
13 10 1.4508333333333332
13 11 2.111945
13 12 2.0655550000000003
13 13 -1
13 14 -1
13 15 -1
13 16 -1
13 17 1.3397216666666667
13 18 1.479445
13 19 1.3575000000000002
13 20 -1
13 21 -1
13 22 -1
13 23 -1
13 24 -1
13 25 -1
13 26 -1
13 27 -1
13 28 -1
13 29 1.3613883333333334
13 30 1.2747216666666668
13 31 1.3327783333333334
13 32 2.1538883333333336
13 33 0.5341666666666666
13 34 2.0672216666666667
13 35 2.0977783333333333
13 36 2.224721666666667
13 37 2.167778333333333
13 38 1.8194450000000002
13 39 2.0983333333333336
13 40 2.0872216666666668
13 41 2.1688883333333333
13 42 2.0047216666666667
13 43 -1
13 44 2.0275000000000003
13 45 1.9680549999999999
13 46 -1
13 47 1.2938883333333335
13 48 -1
13 49 2.1191666666666666
14 0 0.2175
14 1 1.1497216666666668
14 2 1.1497216666666668
14 3 0.17972166666666667
14 4 0.21861166666666668
14 5 1.1269449999999999
14 6 1.2175
14 7 0.35694499999999996
14 8 1.2083333333333333
14 9 1.2433333333333332
14 10 2.1980549999999996
14 11 1.1911116666666668
14 12 1.1569450000000001
14 13 -1
14 14 -1
14 15 0.103055
14 16 0.065
14 17 -1
14 18 1.7038883333333332
14 19 1.9738883333333335
14 20 0.35500000000000004
14 21 0.15472166666666667
14 22 0.08916666666666666
14 23 0.12972166666666665
14 24 0.11416666666666667
14 25 0.153055
14 26 0.16472166666666668
14 27 0.10333333333333333
14 28 0.38138833333333333
14 29 2.0652783333333335
14 30 2.091945
14 31 2.0163883333333334
14 32 1.1655550000000001
14 33 -1
14 34 1.1463883333333333
14 35 -1
14 36 1.1622216666666667
14 37 1.1016666666666666
14 38 -1
14 39 1.1563883333333334
14 40 -1
14 41 -1
14 42 -1
14 43 0.7405550000000001
14 44 -1
14 45 -1
14 46 0.855
14 47 2.0416666666666665
14 48 0.7583333333333333
14 49 -1
15 0 0.20944500000000002
15 1 1.2136116666666665
15 2 1.2138883333333332
15 3 0.19749999999999998
15 4 0.18027833333333335
15 5 1.1908333333333334
15 6 1.2816666666666667
15 7 0.374445
15 8 1.2722216666666666
15 9 1.3072216666666667
15 10 2.261945
15 11 1.2552783333333333
15 12 1.2208333333333334
15 13 -1
15 14 0.07638833333333334
15 15 -1
15 16 0.02666666666666667
15 17 -1
15 18 1.7677783333333332
15 19 2.0377783333333332
15 20 0.4313883333333333
15 21 0.11638833333333333
15 22 0.10666666666666667
15 23 0.09527833333333334
15 24 0.07972166666666666
15 25 0.11861166666666666
15 26 0.13
15 27 0.065
15 28 0.343055
15 29 2.129445
15 30 2.1558333333333333
15 31 2.080555
15 32 1.2297216666666666
15 33 -1
15 34 1.2102783333333333
15 35 -1
15 36 1.2261116666666667
15 37 1.1655550000000001
15 38 -1
15 39 1.2202783333333334
15 40 -1
15 41 -1
15 42 -1
15 43 0.8047216666666667
15 44 -1
15 45 -1
15 46 0.9188883333333333
15 47 2.1058333333333334
15 48 0.8222216666666667
15 49 -1
16 0 0.21388833333333332
16 1 1.2019449999999998
16 2 1.2022216666666667
16 3 0.18583333333333335
16 4 0.16666666666666666
16 5 1.179445
16 6 1.27
16 7 0.3627783333333333
16 8 1.260555
16 9 1.295555
16 10 2.250555
16 11 1.2436116666666666
16 12 1.2091666666666667
16 13 -1
16 14 0.06472166666666666
16 15 0.053055
16 16 -1
16 17 -1
16 18 1.7561116666666665
16 19 2.0261116666666665
16 20 0.42
16 21 0.10277833333333333
16 22 0.095
16 23 0.10083333333333333
16 24 0.09083333333333334
16 25 0.12277833333333334
16 26 0.134445
16 27 0.051388333333333334
16 28 0.329445
16 29 2.1177783333333333
16 30 2.1441666666666666
16 31 2.068888333333333
16 32 1.2180549999999999
16 33 -1
16 34 1.1986116666666669
16 35 -1
16 36 1.214445
16 37 1.1538883333333334
16 38 -1
16 39 1.2086116666666666
16 40 -1
16 41 -1
16 42 -1
16 43 0.7930550000000001
16 44 -1
16 45 -1
16 46 0.9072216666666667
16 47 2.0941666666666667
16 48 0.810555
16 49 -1
17 0 -1
17 1 -1
17 2 -1
17 3 -1
17 4 -1
17 5 -1
17 6 -1
17 7 -1
17 8 -1
17 9 -1
17 10 2.0352783333333333
17 11 -1
17 12 -1
17 13 1.3027783333333334
17 14 -1
17 15 -1
17 16 -1
17 17 -1
17 18 2.0638883333333333
17 19 1.941945
17 20 -1
17 21 -1
17 22 -1
17 23 -1
17 24 -1
17 25 -1
17 26 -1
17 27 -1
17 28 -1
17 29 1.9458333333333333
17 30 1.8591666666666666
17 31 1.916945
17 32 -1
17 33 1.2588883333333334
17 34 -1
17 35 1.6816666666666669
17 36 -1
17 37 -1
17 38 1.4033333333333333
17 39 -1
17 40 1.6711116666666668
17 41 1.7527783333333333
17 42 1.5886116666666665
17 43 -1
17 44 1.6113883333333334
17 45 1.4211116666666668
17 46 -1
17 47 1.8783333333333334
17 48 -1
17 49 1.703055
18 0 1.710555
18 1 0.7975
18 2 0.7975
18 3 1.6461116666666666
18 4 1.7311116666666666
18 5 0.6813883333333333
18 6 0.6758333333333333
18 7 1.5838883333333333
18 8 0.6663883333333334
18 9 0.7013883333333334
18 10 0.565555
18 11 0.694445
18 12 0.6480549999999999
18 13 1.465
18 14 1.6936116666666665
18 15 1.7663883333333332
18 16 1.7283333333333333
18 17 2.104721666666667
18 18 -1
18 19 0.34111166666666665
18 20 1.8511116666666667
18 21 1.739445
18 22 1.726945
18 23 1.7663883333333332
18 24 1.7775
18 25 1.7647216666666667
18 26 1.7480550000000001
18 27 1.7272216666666667
18 28 1.8313883333333334
18 29 0.4327783333333333
18 30 0.459445
18 31 0.38388833333333333
18 32 0.7363883333333334
18 33 1.18
18 34 0.649445
18 35 -1
18 36 0.8072216666666667
18 37 0.75
18 38 -1
18 39 0.6808333333333334
18 40 -1
18 41 -1
18 42 -1
18 43 1.1841666666666666
18 44 -1
18 45 -1
18 46 1.1186116666666666
18 47 0.4091666666666667
18 48 1.0827783333333334
18 49 -1
19 0 2.0152783333333333
19 1 1.101945
19 2 1.1022216666666667
19 3 1.9508333333333332
19 4 2.0358333333333336
19 5 0.9861116666666666
19 6 0.9805550000000001
19 7 1.8886116666666666
19 8 0.9711116666666667
19 9 1.0061116666666667
19 10 0.3108333333333333
19 11 0.9991666666666668
19 12 0.9525
19 13 1.3433333333333333
19 14 1.9983333333333335
19 15 2.0711116666666665
19 16 2.033055
19 17 1.983055
19 18 0.36666666666666664
19 19 -1
19 20 2.1558333333333333
19 21 2.044166666666667
19 22 2.0313883333333336
19 23 2.0711116666666665
19 24 2.082221666666667
19 25 2.069166666666667
19 26 2.0527783333333334
19 27 2.0316666666666667
19 28 2.1358333333333333
19 29 0.23333333333333334
19 30 0.24027833333333334
19 31 0.12472166666666666
19 32 1.0411116666666667
19 33 1.0583333333333333
19 34 0.9541666666666667
19 35 -1
19 36 1.1116666666666668
19 37 1.0547216666666666
19 38 2.462778333333333
19 39 0.9852783333333334
19 40 -1
19 41 -1
19 42 -1
19 43 1.4888883333333331
19 44 -1
19 45 -1
19 46 1.4233333333333333
19 47 0.19
19 48 1.3875
19 49 -1
20 0 0.5161116666666666
20 1 1.3088883333333332
20 2 1.3088883333333332
20 3 0.4516666666666667
20 4 0.4363883333333333
20 5 1.2861116666666668
20 6 1.3766666666666665
20 7 0.5602783333333333
20 8 1.3675
20 9 1.4025
20 10 2.3572216666666668
20 11 1.3502783333333332
20 12 1.3161116666666668
20 13 -1
20 14 0.3752783333333333
20 15 0.45527833333333334
20 16 0.440555
20 17 -1
20 18 1.863055
20 19 2.133055
20 20 -1
20 21 0.43111166666666667
20 22 0.46472166666666664
20 23 0.4633333333333333
20 24 0.48972166666666667
20 25 0.46166666666666667
20 26 0.47305499999999995
20 27 0.4188883333333333
20 28 0.535
20 29 2.2244450000000002
20 30 2.2511116666666666
20 31 2.175555
20 32 1.3247216666666666
20 33 -1
20 34 1.3055549999999998
20 35 -1
20 36 1.3213883333333334
20 37 1.2608333333333335
20 38 -1
20 39 1.315555
20 40 -1
20 41 -1
20 42 -1
20 43 0.8997216666666666
20 44 -1
20 45 -1
20 46 1.0141666666666667
20 47 2.2008333333333336
20 48 0.9175
20 49 -1
21 0 0.17583333333333334
21 1 1.1775
21 2 1.1775
21 3 0.17222166666666666
21 4 0.10611166666666666
21 5 1.1547216666666666
21 6 1.2452783333333335
21 7 0.4061116666666667
21 8 1.2361116666666667
21 9 1.2711116666666666
21 10 2.2258333333333336
21 11 1.2188883333333334
21 12 1.1847216666666667
21 13 -1
21 14 0.11972166666666667
21 15 0.050555
21 16 0.07
21 17 -1
21 18 1.7316666666666667
21 19 2.0016666666666665
21 20 0.3975
21 21 -1
21 22 0.15
21 23 0.07388833333333333
21 24 0.09083333333333334
21 25 0.08472166666666667
21 26 0.09638833333333333
21 27 0.03527833333333333
21 28 0.2688883333333333
21 29 2.093055
21 30 2.1197216666666665
21 31 2.044166666666667
21 32 1.1933333333333331
21 33 -1
21 34 1.1741666666666668
21 35 -1
21 36 1.1900000000000002
21 37 1.129445
21 38 -1
21 39 1.1841666666666666
21 40 -1
21 41 -1
21 42 -1
21 43 0.7683333333333333
21 44 -1
21 45 -1
21 46 0.8827783333333333
21 47 2.069445
21 48 0.7861116666666667
21 49 -1
22 0 0.19166666666666668
22 1 1.1688883333333335
22 2 1.1688883333333335
22 3 0.15388833333333332
22 4 0.2647216666666667
22 5 1.1461116666666666
22 6 1.2366666666666668
22 7 0.3297216666666667
22 8 1.2275
22 9 1.2625
22 10 2.2172216666666666
22 11 1.2102783333333333
22 12 1.1761116666666667
22 13 -1
22 14 0.10361166666666667
22 15 0.14916666666666664
22 16 0.11111166666666666
22 17 -1
22 18 1.723055
22 19 1.9930549999999998
22 20 0.42305499999999996
22 21 0.20083333333333334
22 22 -1
22 23 0.1761116666666667
22 24 0.16027833333333333
22 25 0.19916666666666666
22 26 0.21083333333333334
22 27 0.149445
22 28 0.3811116666666667
22 29 2.084445
22 30 2.111111666666667
22 31 2.035555
22 32 1.1847216666666667
22 33 -1
22 34 1.1655550000000001
22 35 -1
22 36 1.1813883333333335
22 37 1.1208333333333333
22 38 -1
22 39 1.175555
22 40 -1
22 41 -1
22 42 -1
22 43 0.7597216666666667
22 44 -1
22 45 -1
22 46 0.8741666666666668
22 47 2.0608333333333335
22 48 0.7775
22 49 -1
23 0 0.154445
23 1 1.215555
23 2 1.2158333333333333
23 3 0.16527833333333333
23 4 0.14250000000000002
23 5 1.193055
23 6 1.2836116666666666
23 7 0.42611166666666667
23 8 1.2741666666666667
23 9 1.3091666666666666
23 10 2.2641666666666667
23 11 1.2572216666666667
23 12 1.2227783333333333
23 13 -1
23 14 0.13972166666666666
23 15 0.07055499999999999
23 16 0.09000000000000001
23 17 -1
23 18 1.7697216666666666
23 19 2.039721666666667
23 20 0.43555499999999997
23 21 0.07388833333333333
23 22 0.16999999999999998
23 23 -1
23 24 0.035555
23 25 0.06361166666666666
23 26 0.075
23 27 0.05527833333333333
23 28 0.305555
23 29 2.131388333333333
23 30 2.1577783333333334
23 31 2.0825
23 32 1.2316666666666667
23 33 -1
23 34 1.2122216666666668
23 35 -1
23 36 1.2280550000000001
23 37 1.1675
23 38 -1
23 39 1.2222216666666665
23 40 -1
23 41 -1
23 42 -1
23 43 0.8066666666666666
23 44 -1
23 45 -1
23 46 0.9208333333333333
23 47 2.1077783333333335
23 48 0.8241666666666667
23 49 -1
24 0 0.15611166666666668
24 1 1.233055
24 2 1.233055
24 3 0.16666666666666666
24 4 0.15861166666666668
24 5 1.2102783333333333
24 6 1.3008333333333333
24 7 0.4277783333333333
24 8 1.2916666666666667
24 9 1.3266666666666667
24 10 2.281388333333333
24 11 1.274445
24 12 1.2402783333333334
24 13 -1
24 14 0.13527833333333333
24 15 0.08666666666666667
24 16 0.10611166666666666
24 17 -1
24 18 1.7872216666666667
24 19 2.0572216666666665
24 20 0.453055
24 21 0.080555
24 22 0.16555499999999998
24 23 0.01583333333333333
24 24 -1
24 25 0.065
24 26 0.07638833333333334
24 27 0.07111166666666667
24 28 0.32138833333333333
24 29 2.1486116666666666
24 30 2.175278333333333
24 31 2.0997216666666665
24 32 1.2488883333333334
24 33 -1
24 34 1.2297216666666666
24 35 -1
24 36 1.245555
24 37 1.1849999999999998
24 38 -1
24 39 1.2397216666666668
24 40 -1
24 41 -1
24 42 -1
24 43 0.8238883333333333
24 44 -1
24 45 -1
24 46 0.9383333333333332
24 47 2.125
24 48 0.8416666666666667
24 49 -1
25 0 0.13472166666666666
25 1 1.2041666666666666
25 2 1.2041666666666666
25 3 0.12027833333333333
25 4 0.21861166666666668
25 5 1.1813883333333335
25 6 1.2719449999999999
25 7 0.3811116666666667
25 8 1.2627783333333333
25 9 1.2977783333333333
25 10 2.2525
25 11 1.245555
25 12 1.2113883333333333
25 13 -1
25 14 0.19027833333333335
25 15 0.17083333333333334
25 16 0.17055499999999998
25 17 -1
25 18 1.7583333333333333
25 19 2.028055
25 20 0.545555
25 21 0.15
25 22 0.220555
25 23 0.14138833333333334
25 24 0.124445
25 25 -1
25 26 0.09583333333333334
25 27 0.176945
25 28 0.32749999999999996
25 29 2.1197216666666665
25 30 2.1463883333333333
25 31 2.0708333333333333
25 32 1.22
25 33 -1
25 34 1.2008333333333332
25 35 -1
25 36 1.2166666666666666
25 37 1.1561116666666666
25 38 -1
25 39 1.2108333333333334
25 40 -1
25 41 -1
25 42 -1
25 43 0.795
25 44 -1
25 45 -1
25 46 0.909445
25 47 2.096111666666667
25 48 0.8127783333333334
25 49 -1
26 0 0.079445
26 1 1.1738883333333334
26 2 1.1741666666666668
26 3 0.09000000000000001
26 4 0.15638833333333332
26 5 1.1513883333333332
26 6 1.241945
26 7 0.35111166666666666
26 8 1.2325000000000002
26 9 1.2674999999999998
26 10 2.2224999999999997
26 11 1.215555
26 12 1.1811116666666666
26 13 -1
26 14 0.13472166666666666
26 15 0.11527833333333333
26 16 0.115
26 17 -1
26 18 1.7280550000000001
26 19 1.9980550000000001
26 20 0.49
26 21 0.10888833333333332
26 22 0.16527833333333333
26 23 0.08583333333333334
26 24 0.06888833333333334
26 25 0.10916666666666666
26 26 -1
26 27 0.12166666666666666
26 28 0.2797216666666667
26 29 2.0897216666666667
26 30 2.1163883333333335
26 31 2.0408333333333335
26 32 1.1900000000000002
26 33 -1
26 34 1.170555
26 35 -1
26 36 1.1866666666666668
26 37 1.1261116666666666
26 38 -1
26 39 1.1805549999999998
26 40 -1
26 41 -1
26 42 -1
26 43 0.765
26 44 -1
26 45 -1
26 46 0.8791666666666667
26 47 2.0661116666666666
26 48 0.7827783333333334
26 49 -1
27 0 0.205555
27 1 1.1688883333333335
27 2 1.1688883333333335
27 3 0.21638833333333332
27 4 0.15833333333333333
27 5 1.1461116666666666
27 6 1.2366666666666668
27 7 0.39277833333333334
27 8 1.2275
27 9 1.2625
27 10 2.2172216666666666
27 11 1.2102783333333333
27 12 1.1761116666666667
27 13 -1
27 14 0.13888833333333334
27 15 0.06972166666666667
27 16 0.08916666666666666
27 17 -1
27 18 1.723055
27 19 1.9927783333333333
27 20 0.38888833333333334
27 21 0.09444499999999999
27 22 0.16916666666666666
27 23 0.09277833333333334
27 24 0.11
27 25 0.11472166666666667
27 26 0.12611166666666668
27 27 -1
27 28 0.27888833333333335
27 29 2.084445
27 30 2.111111666666667
27 31 2.035555
27 32 1.1847216666666667
27 33 -1
27 34 1.1655550000000001
27 35 -1
27 36 1.1813883333333335
27 37 1.1208333333333333
27 38 -1
27 39 1.175555
27 40 -1
27 41 -1
27 42 -1
27 43 0.7597216666666667
27 44 -1
27 45 -1
27 46 0.8741666666666668
27 47 2.0608333333333335
27 48 0.7775
27 49 -1
28 0 0.3538883333333333
28 1 1.3241666666666667
28 2 1.3241666666666667
28 3 0.29
28 4 0.2758333333333333
28 5 1.3013883333333331
28 6 1.391945
28 7 0.5011116666666667
28 8 1.3827783333333334
28 9 1.4177783333333334
28 10 2.3725
28 11 1.365555
28 12 1.3313883333333334
28 13 -1
28 14 0.4058333333333334
28 15 0.3563883333333333
28 16 0.37583333333333335
28 17 -1
28 18 1.8783333333333334
28 19 2.1483333333333334
28 20 0.5438883333333333
28 21 0.305555
28 22 0.4097216666666667
28 23 0.35
28 24 0.36722166666666667
28 25 0.34833333333333333
28 26 0.35138833333333336
28 27 0.34111166666666665
28 28 -1
28 29 2.2397216666666666
28 30 2.2663883333333334
28 31 2.190833333333333
28 32 1.34
28 33 -1
28 34 1.3208333333333333
28 35 -1
28 36 1.3366666666666667
28 37 1.2761116666666665
28 38 -1
28 39 1.3308333333333333
28 40 -1
28 41 -1
28 42 -1
28 43 0.9149999999999999
28 44 -1
28 45 -1
28 46 1.029445
28 47 2.216111666666667
28 48 0.9327783333333334
28 49 -1
29 0 2.1016666666666666
29 1 1.1886116666666666
29 2 1.1886116666666666
29 3 2.0372216666666665
29 4 2.1225
29 5 1.0727783333333332
29 6 1.066945
29 7 1.9752783333333332
29 8 1.0577783333333335
29 9 1.0927783333333332
29 10 0.15472166666666667
29 11 1.085555
29 12 1.0391666666666668
29 13 1.3536116666666667
29 14 2.0847216666666664
29 15 2.1574999999999998
29 16 2.1197216666666665
29 17 1.9933333333333332
29 18 0.453055
29 19 0.26138833333333333
29 20 2.2425
29 21 2.1305549999999998
29 22 2.118055
29 23 2.1574999999999998
29 24 2.1688883333333333
29 25 2.1558333333333333
29 26 2.1391666666666667
29 27 2.118333333333333
29 28 2.2224999999999997
29 29 -1
29 30 0.229445
29 31 0.17888833333333334
29 32 1.1275000000000002
29 33 1.0686116666666665
29 34 1.0408333333333333
29 35 -1
29 36 1.1983333333333335
29 37 1.1413883333333332
29 38 2.473055
29 39 1.071945
29 40 -1
29 41 -1
29 42 -1
29 43 1.575555
29 44 -1
29 45 -1
29 46 1.5097216666666666
29 47 0.20694500000000002
29 48 1.4738883333333335
29 49 -1
30 0 2.0575
30 1 1.1441666666666668
30 2 1.1444450000000002
30 3 1.9930549999999998
30 4 2.078055
30 5 1.0283333333333333
30 6 1.0227783333333333
30 7 1.9308333333333332
30 8 1.0133333333333332
30 9 1.0483333333333333
30 10 0.2811116666666667
30 11 1.0413883333333334
30 12 0.9947216666666667
30 13 1.266945
30 14 2.040555
30 15 2.1133333333333333
30 16 2.0752783333333333
30 17 1.9066666666666667
30 18 0.40888833333333335
30 19 0.22833333333333333
30 20 2.1980549999999996
30 21 2.0863883333333333
30 22 2.073611666666667
30 23 2.1133333333333333
30 24 2.124445
30 25 2.111388333333333
30 26 2.095
30 27 2.0738883333333336
30 28 2.178055
30 29 0.13416666666666668
30 30 -1
30 31 0.1716666666666667
30 32 1.0833333333333333
30 33 0.981945
30 34 0.9963883333333333
30 35 -1
30 36 1.1538883333333334
30 37 1.096945
30 38 2.3863883333333336
30 39 1.0275
30 40 -1
30 41 -1
30 42 -1
30 43 1.5311116666666666
30 44 -1
30 45 -1
30 46 1.465555
30 47 0.10361166666666667
30 48 1.4297216666666666
30 49 -1
31 0 2.019445
31 1 1.1061116666666666
31 2 1.1061116666666666
31 3 1.9547216666666667
31 4 2.04
31 5 0.9902783333333333
31 6 0.9844449999999999
31 7 1.8927783333333332
31 8 0.9752783333333334
31 9 1.0102783333333334
31 10 0.27694500000000005
31 11 1.003055
31 12 0.9566666666666667
31 13 1.2947216666666668
31 14 2.0025
31 15 2.0752783333333333
31 16 2.0372216666666665
31 17 1.934445
31 18 0.37083333333333335
31 19 0.14111166666666666
31 20 2.1599999999999997
31 21 2.0483333333333333
31 22 2.035555
31 23 2.0752783333333333
31 24 2.0863883333333333
31 25 2.0733333333333333
31 26 2.0566666666666666
31 27 2.0358333333333336
31 28 2.14
31 29 0.14416666666666667
31 30 0.19166666666666668
31 31 -1
31 32 1.0452783333333333
31 33 1.0097216666666666
31 34 0.9583333333333334
31 35 -1
31 36 1.1158333333333335
31 37 1.0588883333333332
31 38 2.4141666666666666
31 39 0.989445
31 40 -1
31 41 -1
31 42 -1
31 43 1.4930549999999998
31 44 -1
31 45 -1
31 46 1.4275
31 47 0.14138833333333334
31 48 1.3916666666666666
31 49 -1
32 0 1.1788883333333333
32 1 0.23722166666666666
32 2 0.23722166666666666
32 3 1.1141666666666665
32 4 1.199445
32 5 0.1986116666666667
32 6 0.23472166666666666
32 7 1.0522216666666666
32 8 0.22527833333333333
32 9 0.26027833333333333
32 10 1.2491666666666668
32 11 0.215
32 12 0.17527833333333334
32 13 2.1486116666666666
32 14 1.161945
32 15 1.234445
32 16 1.1966666666666665
32 17 -1
32 18 0.755
32 19 1.0247216666666668
32 20 1.3194450000000002
32 21 1.2075
32 22 1.195
32 23 1.2347216666666665
32 24 1.2458333333333333
32 25 1.2327783333333333
32 26 1.2161116666666667
32 27 1.1952783333333334
32 28 1.299445
32 29 1.1163883333333333
32 30 1.143055
32 31 1.0675
32 32 -1
32 33 1.8636116666666667
32 34 0.20583333333333334
32 35 -1
32 36 0.21361166666666667
32 37 0.19
32 38 -1
32 39 0.22805499999999998
32 40 -1
32 41 -1
32 42 -1
32 43 0.6525
32 44 -1
32 45 -1
32 46 0.5866666666666667
32 47 1.0927783333333332
32 48 0.5508333333333333
32 49 -1
33 0 -1
33 1 1.9458333333333333
33 2 1.9461116666666667
33 3 -1
33 4 -1
33 5 1.8299999999999998
33 6 1.824445
33 7 -1
33 8 1.8150000000000002
33 9 1.85
33 10 1.1816666666666669
33 11 1.8430549999999999
33 12 1.7966666666666666
33 13 0.545555
33 14 -1
33 15 -1
33 16 -1
33 17 1.2519449999999999
33 18 1.210555
33 19 1.0886116666666665
33 20 -1
33 21 -1
33 22 -1
33 23 -1
33 24 -1
33 25 -1
33 26 -1
33 27 -1
33 28 -1
33 29 1.0925
33 30 1.0058333333333334
33 31 1.0636116666666666
33 32 1.885
33 33 -1
33 34 1.7980550000000002
33 35 2.0097216666666666
33 36 1.955555
33 37 1.8986116666666668
33 38 1.7316666666666667
33 39 1.829445
33 40 1.9994450000000001
33 41 2.0811116666666667
33 42 1.9166666666666667
33 43 2.332778333333333
33 44 1.9394449999999999
33 45 1.88
33 46 2.2672216666666665
33 47 1.025
33 48 2.2313883333333333
33 49 2.0313883333333336
34 0 1.1577783333333334
34 1 0.21638833333333332
34 2 0.21638833333333332
34 3 1.0933333333333333
34 4 1.1783333333333335
34 5 0.10027833333333333
34 6 0.12722166666666668
34 7 1.0313883333333334
34 8 0.11805500000000001
34 9 0.153055
34 10 1.1333333333333333
34 11 0.10333333333333333
34 12 0.056945
34 13 2.0327783333333334
34 14 1.1408333333333334
34 15 1.2136116666666665
34 16 1.175555
34 17 -1
34 18 0.6391666666666667
34 19 0.9091666666666666
34 20 1.2986116666666667
34 21 1.1866666666666668
34 22 1.1741666666666668
34 23 1.2136116666666665
34 24 1.225
34 25 1.211945
34 26 1.1952783333333334
34 27 1.174445
34 28 1.2786116666666667
34 29 1.0005549999999999
34 30 1.0272216666666667
34 31 0.9516666666666667
34 32 0.191945
34 33 1.7477783333333332
34 34 -1
34 35 -1
34 36 0.22611166666666668
34 37 0.16888833333333333
34 38 -1
34 39 0.09972166666666667
34 40 -1
34 41 -1
34 42 -1
34 43 0.6313883333333333
34 44 -1
34 45 -1
34 46 0.5658333333333334
34 47 0.9769450000000001
34 48 0.53
34 49 -1
35 0 -1
35 1 -1
35 2 -1
35 3 -1
35 4 -1
35 5 -1
35 6 -1
35 7 -1
35 8 -1
35 9 -1
35 10 -1
35 11 -1
35 12 -1
35 13 2.1233333333333335
35 14 -1
35 15 -1
35 16 -1
35 17 1.7341666666666666
35 18 -1
35 19 -1
35 20 -1
35 21 -1
35 22 -1
35 23 -1
35 24 -1
35 25 -1
35 26 -1
35 27 -1
35 28 -1
35 29 -1
35 30 -1
35 31 -1
35 32 -1
35 33 2.079445
35 34 -1
35 35 -1
35 36 -1
35 37 -1
35 38 0.7038883333333333
35 39 -1
35 40 0.3591666666666667
35 41 0.2733333333333333
35 42 0.16999999999999998
35 43 -1
35 44 0.188055
35 45 0.7008333333333333
35 46 -1
35 47 -1
35 48 -1
35 49 0.39166666666666666
36 0 1.204445
36 1 0.264445
36 2 0.264445
36 3 1.1400000000000001
36 4 1.225
36 5 0.19222166666666668
36 6 0.2827783333333333
36 7 1.0777783333333335
36 8 0.2733333333333333
36 9 0.30833333333333335
36 10 1.2888883333333332
36 11 0.25638833333333333
36 12 0.221945
36 13 2.1883333333333335
36 14 1.1875
36 15 1.2602783333333332
36 16 1.2222216666666665
36 17 -1
36 18 0.7947216666666667
36 19 1.064445
36 20 1.345
36 21 1.2333333333333334
36 22 1.220555
36 23 1.2602783333333332
36 24 1.2713883333333333
36 25 1.2583333333333333
36 26 1.241945
36 27 1.2208333333333334
36 28 1.325
36 29 1.1561116666666666
36 30 1.1827783333333335
36 31 1.1072216666666668
36 32 0.21722166666666667
36 33 1.9033333333333333
36 34 0.21138833333333332
36 35 -1
36 36 -1
36 37 0.15638833333333332
36 38 -1
36 39 0.22138833333333335
36 40 -1
36 41 -1
36 42 -1
36 43 0.6780550000000001
36 44 -1
36 45 -1
36 46 0.6125
36 47 1.1325
36 48 0.5766666666666667
36 49 -1
37 0 1.125
37 1 0.21111166666666667
37 2 0.21111166666666667
37 3 1.060555
37 4 1.1458333333333333
37 5 0.17111166666666666
37 6 0.261945
37 7 0.9986116666666667
37 8 0.2525
37 9 0.2875
37 10 1.268055
37 11 0.23555500000000001
37 12 0.2011116666666667
37 13 2.1675
37 14 1.108055
37 15 1.1808333333333332
37 16 1.143055
37 17 -1
37 18 0.7736116666666667
37 19 1.0436116666666666
37 20 1.2658333333333334
37 21 1.1538883333333334
37 22 1.1413883333333332
37 23 1.1808333333333332
37 24 1.1922216666666665
37 25 1.1791666666666667
37 26 1.1625
37 27 1.1416666666666666
37 28 1.2458333333333333
37 29 1.1352783333333332
37 30 1.161945
37 31 1.0863883333333333
37 32 0.20027833333333334
37 33 1.8822216666666667
37 34 0.19055499999999997
37 35 -1
37 36 0.11416666666666667
37 37 -1
37 38 -1
37 39 0.200555
37 40 -1
37 41 -1
37 42 -1
37 43 0.5988883333333334
37 44 -1
37 45 -1
37 46 0.533055
37 47 1.1116666666666668
37 48 0.4972216666666667
37 49 -1
38 0 -1
38 1 -1
38 2 -1
38 3 -1
38 4 -1
38 5 -1
38 6 -1
38 7 -1
38 8 -1
38 9 -1
38 10 -1
38 11 -1
38 12 -1
38 13 1.7908333333333333
38 14 -1
38 15 -1
38 16 -1
38 17 1.4016666666666666
38 18 -1
38 19 2.43
38 20 -1
38 21 -1
38 22 -1
38 23 -1
38 24 -1
38 25 -1
38 26 -1
38 27 -1
38 28 -1
38 29 2.4338883333333334
38 30 2.347221666666667
38 31 2.4050000000000002
38 32 -1
38 33 1.746945
38 34 -1
38 35 0.6702783333333334
38 36 -1
38 37 -1
38 38 -1
38 39 -1
38 40 0.66
38 41 0.776945
38 42 0.6125
38 43 -1
38 44 0.6352783333333334
38 45 0.6938883333333333
38 46 -1
38 47 2.3663883333333335
38 48 -1
38 49 0.6916666666666667
39 0 1.1888883333333333
39 1 0.24722166666666665
39 2 0.2475
39 3 1.1244450000000001
39 4 1.2094449999999999
39 5 0.13138833333333333
39 6 0.181945
39 7 1.0622216666666666
39 8 0.1725
39 9 0.2075
39 10 1.1880549999999999
39 11 0.13111166666666665
39 12 0.12111166666666667
39 13 2.0875
39 14 1.171945
39 15 1.2447216666666667
39 16 1.2066666666666668
39 17 -1
39 18 0.6936116666666667
39 19 0.9636116666666666
39 20 1.329445
39 21 1.2177783333333332
39 22 1.2052783333333332
39 23 1.2447216666666667
39 24 1.2558333333333331
39 25 1.2427783333333333
39 26 1.2263883333333332
39 27 1.205555
39 28 1.309445
39 29 1.0552783333333333
39 30 1.0819450000000002
39 31 1.0063883333333332
39 32 0.22972166666666669
39 33 1.8022216666666668
39 34 0.09416666666666668
39 35 -1
39 36 0.25694500000000003
39 37 0.2
39 38 -1
39 39 -1
39 40 -1
39 41 -1
39 42 -1
39 43 0.6625
39 44 -1
39 45 -1
39 46 0.596945
39 47 1.0316666666666667
39 48 0.5611116666666667
39 49 -1
40 0 -1
40 1 -1
40 2 -1
40 3 -1
40 4 -1
40 5 -1
40 6 -1
40 7 -1
40 8 -1
40 9 -1
40 10 -1
40 11 -1
40 12 -1
40 13 2.0211116666666666
40 14 -1
40 15 -1
40 16 -1
40 17 1.6319450000000002
40 18 -1
40 19 -1
40 20 -1
40 21 -1
40 22 -1
40 23 -1
40 24 -1
40 25 -1
40 26 -1
40 27 -1
40 28 -1
40 29 -1
40 30 -1
40 31 -1
40 32 -1
40 33 1.9772216666666667
40 34 -1
40 35 0.299445
40 36 -1
40 37 -1
40 38 0.6016666666666667
40 39 -1
40 40 -1
40 41 0.45361166666666664
40 42 0.27861166666666665
40 43 -1
40 44 0.32888833333333334
40 45 0.690555
40 46 -1
40 47 -1
40 48 -1
40 49 0.575
41 0 -1
41 1 -1
41 2 -1
41 3 -1
41 4 -1
41 5 -1
41 6 -1
41 7 -1
41 8 -1
41 9 -1
41 10 -1
41 11 -1
41 12 -1
41 13 2.1508333333333334
41 14 -1
41 15 -1
41 16 -1
41 17 1.7616666666666667
41 18 -1
41 19 -1
41 20 -1
41 21 -1
41 22 -1
41 23 -1
41 24 -1
41 25 -1
41 26 -1
41 27 -1
41 28 -1
41 29 -1
41 30 -1
41 31 -1
41 32 -1
41 33 2.106945
41 34 -1
41 35 0.2175
41 36 -1
41 37 -1
41 38 0.7313883333333333
41 39 -1
41 40 0.38666666666666666
41 41 -1
41 42 0.1988883333333333
41 43 -1
41 44 0.24916666666666665
41 45 0.7297216666666666
41 46 -1
41 47 -1
41 48 -1
41 49 0.5741666666666667
42 0 -1
42 1 -1
42 2 -1
42 3 -1
42 4 -1
42 5 -1
42 6 -1
42 7 -1
42 8 -1
42 9 -1
42 10 -1
42 11 -1
42 12 -1
42 13 1.9966666666666666
42 14 -1
42 15 -1
42 16 -1
42 17 1.6075000000000002
42 18 -1
42 19 -1
42 20 -1
42 21 -1
42 22 -1
42 23 -1
42 24 -1
42 25 -1
42 26 -1
42 27 -1
42 28 -1
42 29 -1
42 30 -1
42 31 -1
42 32 -1
42 33 1.9527783333333335
42 34 -1
42 35 0.1675
42 36 -1
42 37 -1
42 38 0.5719449999999999
42 39 -1
42 40 0.32
42 41 0.23555500000000001
42 42 -1
42 43 -1
42 44 0.08388833333333333
42 45 0.5763883333333334
42 46 -1
42 47 -1
42 48 -1
42 49 0.4827783333333333
43 0 0.7152783333333333
43 1 0.6108333333333333
43 2 0.6108333333333333
43 3 0.6508333333333333
43 4 0.7358333333333333
43 5 0.588055
43 6 0.6786116666666667
43 7 0.5888883333333333
43 8 0.669445
43 9 0.704445
43 10 1.6591666666666667
43 11 0.6522216666666666
43 12 0.618055
43 13 -1
43 14 0.6983333333333334
43 15 0.7711116666666666
43 16 0.733055
43 17 -1
43 18 1.165
43 19 1.4349999999999998
43 20 0.8561116666666667
43 21 0.7441666666666666
43 22 0.7316666666666667
43 23 0.7711116666666666
43 24 0.7825000000000001
43 25 0.7694449999999999
43 26 0.7527783333333333
43 27 0.731945
43 28 0.8361116666666667
43 29 1.5263883333333332
43 30 1.553055
43 31 1.4775
43 32 0.6266666666666667
43 33 2.2736116666666666
43 34 0.6075
43 35 -1
43 36 0.6233333333333333
43 37 0.5627783333333334
43 38 -1
43 39 0.6174999999999999
43 40 -1
43 41 -1
43 42 -1
43 43 -1
43 44 -1
43 45 -1
43 46 0.291945
43 47 1.5027783333333333
43 48 0.219445
43 49 -1
44 0 -1
44 1 -1
44 2 -1
44 3 -1
44 4 -1
44 5 -1
44 6 -1
44 7 -1
44 8 -1
44 9 -1
44 10 -1
44 11 -1
44 12 -1
44 13 2.0263883333333332
44 14 -1
44 15 -1
44 16 -1
44 17 1.6372216666666666
44 18 -1
44 19 -1
44 20 -1
44 21 -1
44 22 -1
44 23 -1
44 24 -1
44 25 -1
44 26 -1
44 27 -1
44 28 -1
44 29 -1
44 30 -1
44 31 -1
44 32 -1
44 33 1.9825000000000002
44 34 -1
44 35 0.17888833333333334
44 36 -1
44 37 -1
44 38 0.6016666666666667
44 39 -1
44 40 0.368055
44 41 0.28361166666666665
44 42 0.090555
44 43 -1
44 44 -1
44 45 0.6058333333333333
44 46 -1
44 47 -1
44 48 -1
44 49 0.4716666666666667
45 0 -1
45 1 -1
45 2 -1
45 3 -1
45 4 -1
45 5 -1
45 6 -1
45 7 -1
45 8 -1
45 9 -1
45 10 -1
45 11 -1
45 12 -1
45 13 1.9397216666666668
45 14 -1
45 15 -1
45 16 -1
45 17 1.369445
45 18 -1
45 19 -1
45 20 -1
45 21 -1
45 22 -1
45 23 -1
45 24 -1
45 25 -1
45 26 -1
45 27 -1
45 28 -1
45 29 -1
45 30 2.4961116666666663
45 31 -1
45 32 -1
45 33 1.8958333333333333
45 34 -1
45 35 0.6816666666666666
45 36 -1
45 37 -1
45 38 0.6675
45 39 -1
45 40 0.756945
45 41 0.7497216666666666
45 42 0.5855549999999999
45 43 -1
45 44 0.6083333333333333
45 45 -1
45 46 -1
45 47 -1
45 48 -1
45 49 0.783055
46 0 0.8922216666666666
46 1 0.5697216666666667
46 2 0.5700000000000001
46 3 0.8277783333333333
46 4 0.913055
46 5 0.5472216666666667
46 6 0.6377783333333333
46 7 0.7658333333333334
46 8 0.6283333333333334
46 9 0.6633333333333333
46 10 1.6183333333333332
46 11 0.6113883333333334
46 12 0.576945
46 13 -1
46 14 0.8752783333333334
46 15 0.948055
46 16 0.9102783333333334
46 17 -1
46 18 1.1238883333333334
46 19 1.3938883333333334
46 20 1.033055
46 21 0.9211116666666667
46 22 0.9086116666666667
46 23 0.948055
46 24 0.959445
46 25 0.9463883333333333
46 26 0.9297216666666667
46 27 0.9088883333333333
46 28 1.013055
46 29 1.4855550000000002
46 30 1.5122216666666666
46 31 1.4366666666666668
46 32 0.5858333333333333
46 33 2.2325
46 34 0.5663883333333334
46 35 -1
46 36 0.5825
46 37 0.521945
46 38 -1
46 39 0.5763883333333334
46 40 -1
46 41 -1
46 42 -1
46 43 0.3147216666666666
46 44 -1
46 45 -1
46 46 -1
46 47 1.461945
46 48 0.135555
46 49 -1
47 0 2.0616666666666665
47 1 1.1483333333333334
47 2 1.1483333333333334
47 3 1.996945
47 4 2.082221666666667
47 5 1.0325
47 6 1.0266666666666666
47 7 1.9349999999999998
47 8 1.0174999999999998
47 9 1.0525
47 10 0.305
47 11 1.0452783333333333
47 12 0.9988883333333334
47 13 1.336945
47 14 2.044445
47 15 2.1172216666666666
47 16 2.079445
47 17 1.9763883333333332
47 18 0.41277833333333336
47 19 0.20472166666666666
47 20 2.2022216666666665
47 21 2.0902783333333335
47 22 2.0777783333333333
47 23 2.1172216666666666
47 24 2.1286116666666666
47 25 2.115555
47 26 2.0988883333333335
47 27 2.078055
47 28 2.1822216666666665
47 29 0.158055
47 30 0.11361166666666667
47 31 0.148055
47 32 1.0872216666666668
47 33 1.0516666666666667
47 34 1.0005549999999999
47 35 -1
47 36 1.158055
47 37 1.1011116666666667
47 38 2.4561116666666667
47 39 1.0316666666666667
47 40 -1
47 41 -1
47 42 -1
47 43 1.5352783333333333
47 44 -1
47 45 -1
47 46 1.4694450000000001
47 47 -1
47 48 1.4336116666666667
47 49 -1
48 0 0.7686116666666667
48 1 0.5508333333333333
48 2 0.5511116666666667
48 3 0.7038883333333333
48 4 0.7891666666666667
48 5 0.5280549999999999
48 6 0.6188883333333333
48 7 0.641945
48 8 0.6094449999999999
48 9 0.6444449999999999
48 10 1.5991666666666666
48 11 0.5924999999999999
48 12 0.558055
48 13 2.4986116666666667
48 14 0.7516666666666667
48 15 0.8244450000000001
48 16 0.7863883333333334
48 17 -1
48 18 1.105
48 19 1.375
48 20 0.9091666666666666
48 21 0.7975
48 22 0.7847216666666667
48 23 0.8244450000000001
48 24 0.8355549999999999
48 25 0.8225
48 26 0.8058333333333334
48 27 0.785
48 28 0.8891666666666667
48 29 1.4666666666666666
48 30 1.4930549999999998
48 31 1.4177783333333334
48 32 0.566945
48 33 2.2136116666666665
48 34 0.5475
48 35 -1
48 36 0.5633333333333332
48 37 0.5027783333333333
48 38 -1
48 39 0.5575
48 40 -1
48 41 -1
48 42 -1
48 43 0.24222166666666667
48 44 -1
48 45 -1
48 46 0.09638833333333333
48 47 1.443055
48 48 -1
48 49 -1
49 0 -1
49 1 -1
49 2 -1
49 3 -1
49 4 -1
49 5 -1
49 6 -1
49 7 -1
49 8 -1
49 9 -1
49 10 -1
49 11 -1
49 12 -1
49 13 2.1505549999999998
49 14 -1
49 15 -1
49 16 -1
49 17 1.7613883333333333
49 18 -1
49 19 -1
49 20 -1
49 21 -1
49 22 -1
49 23 -1
49 24 -1
49 25 -1
49 26 -1
49 27 -1
49 28 -1
49 29 -1
49 30 -1
49 31 -1
49 32 -1
49 33 2.106945
49 34 -1
49 35 0.27861166666666665
49 36 -1
49 37 -1
49 38 0.718055
49 39 -1
49 40 0.5091666666666667
49 41 0.479445
49 42 0.38888833333333334
49 43 -1
49 44 0.33722166666666664
49 45 0.825
49 46 -1
49 47 -1
49 48 -1
49 49 -1
;

param arc_distance :=
0 0 -1
0 1 122.264
0 2 122.296
0 3 1.546
0 4 4.715
0 5 120.853
0 6 127.607
0 7 16.385
0 8 127.346
0 9 128.237
0 10 222.558
0 11 123.342
0 12 122.947
0 13 -1
0 14 4.125
0 15 3.265
0 16 3.539
0 17 -1
0 18 188.638
0 19 212.214
0 20 16.358
0 21 4.623
0 22 4.041
0 23 2.275
0 24 1.887
0 25 3.149
0 26 1.227
0 27 3.615
0 28 20.778
0 29 220.335
0 30 219.892
0 31 215.888
0 32 119.242
0 33 -1
0 34 122.7
0 35 -1
0 36 120.454
0 37 116.849
0 38 -1
0 39 123.821
0 40 -1
0 41 -1
0 42 -1
0 43 67.577
0 44 -1
0 45 -1
0 46 77.22
0 47 218.579
0 48 74.86
0 49 -1
1 0 121.302
1 1 -1
1 2 0.112
1 3 120.131
1 4 126.337
1 5 15.294
1 6 22.048
1 7 109.347
1 8 21.787
1 9 22.678
1 10 116.924
1 11 17.783
1 12 17.388
1 13 234.055
1 14 119.319
1 15 119.395
1 16 118.782
1 17 -1
1 18 83.004
1 19 106.58
1 20 126.577
1 21 125.298
1 22 118.287
1 23 124.826
1 24 119.901
1 25 124.982
1 26 123.434
1 27 124.05
1 28 137.99
1 29 114.701
1 30 114.258
1 31 110.254
1 32 13.683
1 33 201.484
1 34 17.141
1 35 -1
1 36 14.895
1 37 11.29
1 38 -1
1 39 18.262
1 40 -1
1 41 -1
1 42 -1
1 43 59.693
1 44 -1
1 45 -1
1 46 50.397
1 47 112.945
1 48 52.574
1 49 -1
2 0 121.678
2 1 0.474
2 2 -1
2 3 120.507
2 4 126.713
2 5 15.67
2 6 22.424
2 7 109.723
2 8 22.163
2 9 23.054
2 10 117.3
2 11 18.159
2 12 17.764
2 13 234.431
2 14 119.695
2 15 119.771
2 16 119.158
2 17 -1
2 18 83.38
2 19 106.956
2 20 126.953
2 21 125.674
2 22 118.663
2 23 125.202
2 24 120.277
2 25 125.358
2 26 123.81
2 27 124.426
2 28 138.366
2 29 115.077
2 30 114.634
2 31 110.63
2 32 14.059
2 33 201.86
2 34 17.517
2 35 -1
2 36 15.271
2 37 11.666
2 38 -1
2 39 18.638
2 40 -1
2 41 -1
2 42 -1
2 43 60.069
2 44 -1
2 45 -1
2 46 50.773
2 47 113.321
2 48 52.95
2 49 -1
3 0 1.237
3 1 121.162
3 2 121.194
3 3 -1
3 4 8.023
3 5 119.751
3 6 126.505
3 7 15.283
3 8 126.244
3 9 127.135
3 10 221.456
3 11 122.24
3 12 121.845
3 13 -1
3 14 5.262
3 15 6.087
3 16 4.668
3 17 -1
3 18 187.536
3 19 211.112
3 20 23.394
3 21 4.688
3 22 2.839
3 23 4.178
3 24 3.016
3 25 4.334
3 26 2.356
3 27 5.644
3 28 19.676
3 29 219.233
3 30 218.79
3 31 214.786
3 32 118.14
3 33 -1
3 34 121.598
3 35 -1
3 36 119.352
3 37 115.747
3 38 -1
3 39 122.719
3 40 -1
3 41 -1
3 42 -1
3 43 66.475
3 44 -1
3 45 -1
3 46 76.118
3 47 217.477
3 48 73.758
3 49 -1
4 0 8.482
4 1 126.882
4 2 126.914
4 3 8.451
4 4 -1
4 5 125.471
4 6 132.225
4 7 21.003
4 8 131.964
4 9 132.855
4 10 227.176
4 11 127.96
4 12 127.565
4 13 -1
4 14 7.441
4 15 5.265
4 16 5.993
4 17 -1
4 18 193.256
4 19 216.832
4 20 21.317
4 21 3.866
4 22 7.603
4 23 5.054
4 24 5.272
4 25 5.21
4 26 5.485
4 27 4.822
4 28 17.826
4 29 224.953
4 30 224.51
4 31 220.506
4 32 123.86
4 33 -1
4 34 127.318
4 35 -1
4 36 125.072
4 37 121.467
4 38 -1
4 39 128.439
4 40 -1
4 41 -1
4 42 -1
4 43 72.195
4 44 -1
4 45 -1
4 46 81.838
4 47 223.197
4 48 79.478
4 49 -1
5 0 120.84
5 1 15.46
5 2 15.492
5 3 119.669
5 4 125.875
5 5 -1
5 6 10.891
5 7 108.885
5 8 10.63
5 9 11.521
5 10 105.767
5 11 5.063
5 12 6.231
5 13 222.898
5 14 118.857
5 15 118.933
5 16 118.32
5 17 -1
5 18 71.847
5 19 95.423
5 20 126.115
5 21 124.836
5 22 117.825
5 23 124.364
5 24 119.439
5 25 124.52
5 26 122.972
5 27 123.588
5 28 137.528
5 29 103.544
5 30 103.101
5 31 99.097
5 32 9.485
5 33 190.327
5 34 5.984
5 35 -1
5 36 11.967
5 37 9.521
5 38 -1
5 39 7.105
5 40 -1
5 41 -1
5 42 -1
5 43 59.231
5 44 -1
5 45 -1
5 46 49.935
5 47 101.788
5 48 52.112
5 49 -1
6 0 127.477
6 1 21.441
6 2 21.473
6 3 126.306
6 4 132.512
6 5 10.535
6 6 -1
6 7 115.522
6 8 1.841
6 9 3.348
6 10 101.782
6 11 8.057
6 12 6.927
6 13 218.913
6 14 125.494
6 15 125.57
6 16 124.957
6 17 -1
6 18 67.862
6 19 91.438
6 20 132.752
6 21 131.473
6 22 124.462
6 23 131.001
6 24 126.076
6 25 131.157
6 26 129.609
6 27 130.225
6 28 144.165
6 29 99.559
6 30 99.116
6 31 95.112
6 32 10.516
6 33 186.342
6 34 7.415
6 35 -1
6 36 17.948
6 37 15.502
6 38 -1
6 39 10.741
6 40 -1
6 41 -1
6 42 -1
6 43 65.868
6 44 -1
6 45 -1
6 46 56.572
6 47 97.803
6 48 58.749
6 49 -1
7 0 15.829
7 1 108.79
7 2 108.822
7 3 14.658
7 4 20.864
7 5 107.379
7 6 114.133
7 7 -1
7 8 113.872
7 9 114.763
7 10 209.084
7 11 109.868
7 12 109.473
7 13 -1
7 14 14.575
7 15 15.398
7 16 14.785
7 17 -1
7 18 175.164
7 19 198.74
7 20 24.983
7 21 19.863
7 22 14.29
7 23 19.353
7 24 15.904
7 25 19.509
7 26 17.961
7 27 15.991
7 28 32.517
7 29 206.861
7 30 206.418
7 31 202.414
7 32 105.768
7 33 -1
7 34 109.226
7 35 -1
7 36 106.98
7 37 103.375
7 38 -1
7 39 110.347
7 40 -1
7 41 -1
7 42 -1
7 43 54.103
7 44 -1
7 45 -1
7 46 63.746
7 47 205.105
7 48 61.386
7 49 -1
8 0 127.47
8 1 21.434
8 2 21.466
8 3 126.299
8 4 132.505
8 5 10.528
8 6 1.962
8 7 115.515
8 8 -1
8 9 2.233
8 10 101.775
8 11 8.05
8 12 6.92
8 13 218.906
8 14 125.487
8 15 125.563
8 16 124.95
8 17 -1
8 18 67.855
8 19 91.431
8 20 132.745
8 21 131.466
8 22 124.455
8 23 130.994
8 24 126.069
8 25 131.15
8 26 129.602
8 27 130.218
8 28 144.158
8 29 99.552
8 30 99.109
8 31 95.105
8 32 10.509
8 33 186.335
8 34 7.408
8 35 -1
8 36 17.941
8 37 15.495
8 38 -1
8 39 10.734
8 40 -1
8 41 -1
8 42 -1
8 43 65.861
8 44 -1
8 45 -1
8 46 56.565
8 47 97.796
8 48 58.742
8 49 -1
9 0 130.035
9 1 23.999
9 2 24.031
9 3 128.864
9 4 135.07
9 5 13.093
9 6 5.187
9 7 118.08
9 8 2.538
9 9 -1
9 10 104.34
9 11 10.615
9 12 9.485
9 13 221.471
9 14 128.052
9 15 128.128
9 16 127.515
9 17 -1
9 18 70.42
9 19 93.996
9 20 135.31
9 21 134.031
9 22 127.02
9 23 133.559
9 24 128.634
9 25 133.715
9 26 132.167
9 27 132.783
9 28 146.723
9 29 102.117
9 30 101.674
9 31 97.67
9 32 13.074
9 33 188.9
9 34 9.973
9 35 -1
9 36 20.506
9 37 18.06
9 38 -1
9 39 13.299
9 40 -1
9 41 -1
9 42 -1
9 43 68.426
9 44 -1
9 45 -1
9 46 59.13
9 47 100.361
9 48 61.307
9 49 -1
10 0 220.345
10 1 115.037
10 2 115.069
10 3 219.174
10 4 225.38
10 5 104.131
10 6 101.575
10 7 208.39
10 8 101.314
10 9 102.205
10 10 -1
10 11 101.653
10 12 100.523
10 13 123.147
10 14 218.362
10 15 218.438
10 16 217.825
10 17 182.962
10 18 34.282
10 19 6.654
10 20 225.62
10 21 224.341
10 22 217.33
10 23 223.869
10 24 218.944
10 25 224.025
10 26 222.477
10 27 223.093
10 28 237.033
10 29 2.718
10 30 6.923
10 31 5.45
10 32 104.403
10 33 90.576
10 34 101.011
10 35 -1
10 36 111.544
10 37 109.098
10 38 -1
10 39 104.337
10 40 -1
10 41 -1
10 42 -1
10 43 158.736
10 44 -1
10 45 -1
10 46 149.44
10 47 7.039
10 48 151.617
10 49 -1
11 0 123.147
11 1 17.767
11 2 17.799
11 3 121.976
11 4 128.182
11 5 5.103
11 6 7.927
11 7 111.192
11 8 7.666
11 9 8.557
11 10 102.803
11 11 -1
11 12 3.204
11 13 219.934
11 14 121.164
11 15 121.24
11 16 120.627
11 17 -1
11 18 68.883
11 19 92.459
11 20 128.422
11 21 127.143
11 22 120.132
11 23 126.671
11 24 121.746
11 25 126.827
11 26 125.279
11 27 125.895
11 28 139.835
11 29 100.58
11 30 100.137
11 31 96.133
11 32 6.431
11 33 187.363
11 34 1.607
11 35 -1
11 36 14.274
11 37 11.828
11 38 -1
11 39 3.697
11 40 -1
11 41 -1
11 42 -1
11 43 61.538
11 44 -1
11 45 -1
11 46 52.242
11 47 98.824
11 48 54.419
11 49 -1
12 0 121.209
12 1 15.829
12 2 15.861
12 3 120.038
12 4 126.244
12 5 4.923
12 6 6.724
12 7 109.254
12 8 6.463
12 9 7.354
12 10 101.6
12 11 2.396
12 12 -1
12 13 218.731
12 14 119.226
12 15 119.302
12 16 118.689
12 17 -1
12 18 67.68
12 19 91.256
12 20 126.484
12 21 125.205
12 22 118.194
12 23 124.733
12 24 119.808
12 25 124.889
12 26 123.341
12 27 123.957
12 28 137.897
12 29 99.377
12 30 98.934
12 31 94.93
12 32 7.617
12 33 186.16
12 34 1.754
12 35 -1
12 36 12.336
12 37 9.89
12 38 -1
12 39 5.129
12 40 -1
12 41 -1
12 42 -1
12 43 59.6
12 44 -1
12 45 -1
12 46 50.304
12 47 97.621
12 48 52.481
12 49 -1
13 0 -1
13 1 233.911
13 2 233.943
13 3 -1
13 4 -1
13 5 223.005
13 6 220.449
13 7 -1
13 8 220.188
13 9 221.079
13 10 123.642
13 11 220.527
13 12 219.397
13 13 -1
13 14 -1
13 15 -1
13 16 -1
13 17 90.104
13 18 153.156
13 19 137.559
13 20 -1
13 21 -1
13 22 -1
13 23 -1
13 24 -1
13 25 -1
13 26 -1
13 27 -1
13 28 -1
13 29 133.578
13 30 124.772
13 31 132.569
13 32 223.277
13 33 41.858
13 34 219.885
13 35 207.819
13 36 230.418
13 37 227.972
13 38 167.666
13 39 223.211
13 40 200.74
13 41 212.706
13 42 200.731
13 43 -1
13 44 202.542
13 45 158.492
13 46 -1
13 47 125.256
13 48 -1
13 49 192.851
14 0 5.295
14 1 119.588
14 2 119.62
14 3 4.67
14 4 7.165
14 5 118.177
14 6 124.931
14 7 14.67
14 8 124.67
14 9 125.561
14 10 219.882
14 11 120.666
14 12 120.271
14 13 -1
14 14 -1
14 15 2.427
14 16 1.814
14 17 -1
14 18 185.962
14 19 209.538
14 20 12.232
14 21 5.112
14 22 1.805
14 23 3.349
14 24 2.933
14 25 4.223
14 26 4.498
14 27 3.02
14 28 23.553
14 29 217.659
14 30 217.216
14 31 213.212
14 32 116.566
14 33 -1
14 34 120.024
14 35 -1
14 36 117.778
14 37 114.173
14 38 -1
14 39 121.145
14 40 -1
14 41 -1
14 42 -1
14 43 64.901
14 44 -1
14 45 -1
14 46 74.544
14 47 215.903
14 48 72.184
14 49 -1
15 0 4.967
15 1 120.597
15 2 120.629
15 3 5.137
15 4 6.013
15 5 119.186
15 6 125.94
15 7 15.137
15 8 125.679
15 9 126.57
15 10 220.891
15 11 121.675
15 12 121.28
15 13 -1
15 14 2.11
15 15 -1
15 16 0.662
15 17 -1
15 18 186.971
15 19 210.547
15 20 14.343
15 21 3.96
15 22 2.272
15 23 2.477
15 24 2.061
15 25 3.351
15 26 3.626
15 27 1.868
15 28 22.401
15 29 218.668
15 30 218.225
15 31 214.221
15 32 117.575
15 33 -1
15 34 121.033
15 35 -1
15 36 118.787
15 37 115.182
15 38 -1
15 39 122.154
15 40 -1
15 41 -1
15 42 -1
15 43 65.91
15 44 -1
15 45 -1
15 46 75.553
15 47 216.912
15 48 73.193
15 49 -1
16 0 5.43
16 1 120.366
16 2 120.398
16 3 4.906
16 4 5.719
16 5 118.955
16 6 125.709
16 7 14.906
16 8 125.448
16 9 126.339
16 10 220.66
16 11 121.444
16 12 121.049
16 13 -1
16 14 1.879
16 15 1.044
16 16 -1
16 17 -1
16 18 186.74
16 19 210.316
16 20 14.112
16 21 3.666
16 22 2.041
16 23 2.984
16 24 2.307
16 25 3.814
16 26 4.089
16 27 1.574
16 28 22.107
16 29 218.437
16 30 217.994
16 31 213.99
16 32 117.344
16 33 -1
16 34 120.802
16 35 -1
16 36 118.556
16 37 114.951
16 38 -1
16 39 121.923
16 40 -1
16 41 -1
16 42 -1
16 43 65.679
16 44 -1
16 45 -1
16 46 75.322
16 47 216.681
16 48 72.962
16 49 -1
17 0 -1
17 1 -1
17 2 -1
17 3 -1
17 4 -1
17 5 -1
17 6 -1
17 7 -1
17 8 -1
17 9 -1
17 10 182.449
17 11 -1
17 12 -1
17 13 89.722
17 14 -1
17 15 -1
17 16 -1
17 17 -1
17 18 211.963
17 19 196.366
17 20 -1
17 21 -1
17 22 -1
17 23 -1
17 24 -1
17 25 -1
17 26 -1
17 27 -1
17 28 -1
17 29 192.385
17 30 183.579
17 31 191.376
17 32 -1
17 33 104.304
17 34 -1
17 35 160.661
17 36 -1
17 37 -1
17 38 120.508
17 39 -1
17 40 153.582
17 41 165.548
17 42 153.573
17 43 -1
17 44 155.384
17 45 79.672
17 46 -1
17 47 184.063
17 48 -1
17 49 145.693
18 0 187.365
18 1 82.057
18 2 82.089
18 3 186.194
18 4 192.4
18 5 71.151
18 6 68.595
18 7 175.41
18 8 68.334
18 9 69.225
18 10 35.878
18 11 68.673
18 12 67.543
18 13 153.009
18 14 185.382
18 15 185.458
18 16 184.845
18 17 212.824
18 18 -1
18 19 25.534
18 20 192.64
18 21 191.361
18 22 184.35
18 23 190.889
18 24 185.964
18 25 191.045
18 26 189.497
18 27 190.113
18 28 204.053
18 29 33.655
18 30 33.212
18 31 29.208
18 32 71.423
18 33 120.438
18 34 68.031
18 35 -1
18 36 78.564
18 37 76.118
18 38 -1
18 39 71.357
18 40 -1
18 41 -1
18 42 -1
18 43 125.756
18 44 -1
18 45 -1
18 46 116.46
18 47 31.899
18 48 118.637
18 49 -1
19 0 211.902
19 1 106.594
19 2 106.626
19 3 210.731
19 4 216.937
19 5 95.688
19 6 93.132
19 7 199.947
19 8 92.871
19 9 93.762
19 10 6.795
19 11 93.21
19 12 92.08
19 13 134.448
19 14 209.919
19 15 209.995
19 16 209.382
19 17 194.263
19 18 25.839
19 19 -1
19 20 217.177
19 21 215.898
19 22 208.887
19 23 215.426
19 24 210.501
19 25 215.582
19 26 214.034
19 27 214.65
19 28 228.59
19 29 9.702
19 30 8.744
19 31 4.707
19 32 95.96
19 33 101.877
19 34 92.568
19 35 -1
19 36 103.101
19 37 100.655
19 38 271.825
19 39 95.894
19 40 -1
19 41 -1
19 42 -1
19 43 150.293
19 44 -1
19 45 -1
19 46 140.997
19 47 7.431
19 48 143.174
19 49 -1
20 0 24.258
20 1 132.855
20 2 132.887
20 3 23.087
20 4 21.373
20 5 131.444
20 6 138.198
20 7 26.829
20 8 137.937
20 9 138.828
20 10 233.149
20 11 133.933
20 12 133.538
20 13 -1
20 14 13.237
20 15 20.847
20 16 15.052
20 17 -1
20 18 199.229
20 19 222.805
20 20 -1
20 21 19.208
20 22 15.043
20 23 20.019
20 24 16.171
20 25 20.175
20 26 20.45
20 27 17.96
20 28 39.222
20 29 230.926
20 30 230.483
20 31 226.479
20 32 129.833
20 33 -1
20 34 133.291
20 35 -1
20 36 131.045
20 37 127.44
20 38 -1
20 39 134.412
20 40 -1
20 41 -1
20 42 -1
20 43 78.168
20 44 -1
20 45 -1
20 46 87.811
20 47 229.17
20 48 85.451
20 49 -1
21 0 4.751
21 1 124.911
21 2 124.943
21 3 5.728
21 4 3.844
21 5 123.5
21 6 130.254
21 7 23.409
21 8 129.993
21 9 130.884
21 10 225.205
21 11 125.989
21 12 125.594
21 13 -1
21 14 3.574
21 15 1.398
21 16 2.126
21 17 -1
21 18 191.285
21 19 214.861
21 20 17.561
21 21 -1
21 22 3.736
21 23 2.154
21 24 2.372
21 25 3.135
21 26 3.41
21 27 0.955
21 28 20.232
21 29 222.982
21 30 222.539
21 31 218.535
21 32 121.889
21 33 -1
21 34 125.347
21 35 -1
21 36 123.101
21 37 119.496
21 38 -1
21 39 126.468
21 40 -1
21 41 -1
21 42 -1
21 43 70.224
21 44 -1
21 45 -1
21 46 79.867
21 47 221.226
21 48 77.507
21 49 -1
22 0 4.057
22 1 119.114
22 2 119.146
22 3 3.432
22 4 8.098
22 5 117.703
22 6 124.457
22 7 13.654
22 8 124.196
22 9 125.087
22 10 219.408
22 11 120.192
22 12 119.797
22 13 -1
22 14 2.537
22 15 3.36
22 16 2.747
22 17 -1
22 18 185.488
22 19 209.064
22 20 14.187
22 21 6.045
22 22 -1
22 23 4.282
22 24 3.866
22 25 5.156
22 26 5.431
22 27 3.953
22 28 22.664
22 29 217.185
22 30 216.742
22 31 212.738
22 32 116.092
22 33 -1
22 34 119.55
22 35 -1
22 36 117.304
22 37 113.699
22 38 -1
22 39 120.671
22 40 -1
22 41 -1
22 42 -1
22 43 64.427
22 44 -1
22 45 -1
22 46 74.07
22 47 215.429
22 48 71.71
22 49 -1
23 0 3.377
23 1 125.176
23 2 125.208
23 3 4.417
23 4 4.807
23 5 123.765
23 6 130.519
23 7 19.632
23 8 130.258
23 9 131.149
23 10 225.47
23 11 126.254
23 12 125.859
23 13 -1
23 14 4.081
23 15 1.905
23 16 2.633
23 17 -1
23 18 191.55
23 19 215.126
23 20 17.826
23 21 2.568
23 22 4.243
23 23 -1
23 24 0.436
23 25 1.761
23 26 2.036
23 27 1.462
23 28 21.195
23 29 223.247
23 30 222.804
23 31 218.8
23 32 122.154
23 33 -1
23 34 125.612
23 35 -1
23 36 123.366
23 37 119.761
23 38 -1
23 39 126.733
23 40 -1
23 41 -1
23 42 -1
23 43 70.489
23 44 -1
23 45 -1
23 46 80.132
23 47 221.491
23 48 77.772
23 49 -1
24 0 3.141
24 1 126.255
24 2 126.287
24 3 4.181
24 4 5.07
24 5 124.844
24 6 131.598
24 7 19.396
24 8 131.337
24 9 132.228
24 10 226.549
24 11 127.333
24 12 126.938
24 13 -1
24 14 3.089
24 15 2.168
24 16 2.896
24 17 -1
24 18 192.629
24 19 216.205
24 20 18.905
24 21 2.218
24 22 3.251
24 23 0.262
24 24 -1
24 25 1.525
24 26 1.8
24 27 1.725
24 28 21.458
24 29 224.326
24 30 223.883
24 31 219.879
24 32 123.233
24 33 -1
24 34 126.691
24 35 -1
24 36 124.445
24 37 120.84
24 38 -1
24 39 127.812
24 40 -1
24 41 -1
24 42 -1
24 43 71.568
24 44 -1
24 45 -1
24 46 81.211
24 47 222.57
24 48 78.851
24 49 -1
25 0 2.147
25 1 123.789
25 2 123.821
25 3 2.695
25 4 7.103
25 5 122.378
25 6 129.132
25 7 17.91
25 8 128.871
25 9 129.762
25 10 224.083
25 11 124.867
25 12 124.472
25 13 -1
25 14 4.415
25 15 3.555
25 16 3.829
25 17 -1
25 18 190.163
25 19 213.739
25 20 16.648
25 21 4.864
25 22 4.577
25 23 2.565
25 24 2.177
25 25 -1
25 26 1.517
25 27 3.905
25 28 20.122
25 29 221.86
25 30 221.417
25 31 217.413
25 32 120.767
25 33 -1
25 34 124.225
25 35 -1
25 36 121.979
25 37 118.374
25 38 -1
25 39 125.346
25 40 -1
25 41 -1
25 42 -1
25 43 69.102
25 44 -1
25 45 -1
25 46 78.745
25 47 220.104
25 48 76.385
25 49 -1
26 0 1.34
26 1 123.474
26 2 123.506
26 3 2.38
26 4 3.741
26 5 122.063
26 6 128.817
26 7 17.595
26 8 128.556
26 9 129.447
26 10 223.768
26 11 124.552
26 12 124.157
26 13 -1
26 14 3.608
26 15 2.748
26 16 3.022
26 17 -1
26 18 189.848
26 19 213.424
26 20 15.841
26 21 3.649
26 22 3.77
26 23 1.758
26 24 1.37
26 25 2.632
26 26 -1
26 27 3.098
26 28 18.584
26 29 221.545
26 30 221.102
26 31 217.098
26 32 120.452
26 33 -1
26 34 123.91
26 35 -1
26 36 121.664
26 37 118.059
26 38 -1
26 39 125.031
26 40 -1
26 41 -1
26 42 -1
26 43 68.787
26 44 -1
26 45 -1
26 46 78.43
26 47 219.789
26 48 76.07
26 49 -1
27 0 5.163
27 1 124.702
27 2 124.734
27 3 6.203
27 4 5.452
27 5 123.291
27 6 130.045
27 7 23.496
27 8 129.784
27 9 130.675
27 10 224.996
27 11 125.78
27 12 125.385
27 13 -1
27 14 4.137
27 15 1.961
27 16 2.689
27 17 -1
27 18 191.076
27 19 214.652
27 20 17.352
27 21 3.399
27 22 4.299
27 23 2.717
27 24 2.935
27 25 3.547
27 26 3.822
27 27 -1
27 28 23.986
27 29 222.773
27 30 222.33
27 31 218.326
27 32 121.68
27 33 -1
27 34 125.138
27 35 -1
27 36 122.892
27 37 119.287
27 38 -1
27 39 126.259
27 40 -1
27 41 -1
27 42 -1
27 43 70.015
27 44 -1
27 45 -1
27 46 79.658
27 47 221.017
27 48 77.298
27 49 -1
28 0 20.924
28 1 139.324
28 2 139.356
28 3 20.893
28 4 19.189
28 5 137.913
28 6 144.667
28 7 33.445
28 8 144.406
28 9 145.297
28 10 239.618
28 11 140.402
28 12 140.007
28 13 -1
28 14 29.09
28 15 22.506
28 16 23.234
28 17 -1
28 18 205.698
28 19 229.274
28 20 36.928
28 21 21.107
28 22 22.547
28 23 22.295
28 24 22.513
28 25 22.451
28 26 21.189
28 27 22.063
28 28 -1
28 29 237.395
28 30 236.952
28 31 232.948
28 32 136.302
28 33 -1
28 34 139.76
28 35 -1
28 36 137.514
28 37 133.909
28 38 -1
28 39 140.881
28 40 -1
28 41 -1
28 42 -1
28 43 84.637
28 44 -1
28 45 -1
28 46 94.28
28 47 235.639
28 48 91.92
28 49 -1
29 0 219.225
29 1 113.917
29 2 113.949
29 3 218.054
29 4 224.26
29 5 103.011
29 6 100.455
29 7 207.27
29 8 100.194
29 9 101.085
29 10 2.751
29 11 100.533
29 12 99.403
29 13 126.365
29 14 217.242
29 15 217.318
29 16 216.705
29 17 186.18
29 18 33.162
29 19 9.892
29 20 224.5
29 21 223.221
29 22 216.21
29 23 222.749
29 24 217.824
29 25 222.905
29 26 221.357
29 27 221.973
29 28 235.913
29 29 -1
29 30 5.803
29 31 4.33
29 32 103.283
29 33 93.794
29 34 99.891
29 35 -1
29 36 110.424
29 37 107.978
29 38 263.742
29 39 103.217
29 40 -1
29 41 -1
29 42 -1
29 43 157.616
29 44 -1
29 45 -1
29 46 148.32
29 47 5.919
29 48 150.497
29 49 -1
30 0 218.658
30 1 113.35
30 2 113.382
30 3 217.487
30 4 223.693
30 5 102.444
30 6 99.888
30 7 206.703
30 8 99.627
30 9 100.518
30 10 6.223
30 11 99.966
30 12 98.836
30 13 124.274
30 14 216.675
30 15 216.751
30 16 216.138
30 17 184.089
30 18 32.595
30 19 7.687
30 20 223.933
30 21 222.654
30 22 215.643
30 23 222.182
30 24 217.257
30 25 222.338
30 26 220.79
30 27 221.406
30 28 235.346
30 29 3.722
30 30 -1
30 31 4.576
30 32 102.716
30 33 91.703
30 34 99.324
30 35 -1
30 36 109.857
30 37 107.411
30 38 261.651
30 39 102.65
30 40 -1
30 41 -1
30 42 -1
30 43 157.049
30 44 -1
30 45 -1
30 46 147.753
30 47 1.932
30 48 149.93
30 49 -1
31 0 216.814
31 1 111.506
31 2 111.538
31 3 215.643
31 4 221.849
31 5 100.6
31 6 98.044
31 7 204.859
31 8 97.783
31 9 98.674
31 10 5.895
31 11 98.122
31 12 96.992
31 13 131.406
31 14 214.831
31 15 214.907
31 16 214.294
31 17 191.221
31 18 30.751
31 19 4.98
31 20 222.089
31 21 220.81
31 22 213.799
31 23 220.338
31 24 215.413
31 25 220.494
31 26 218.946
31 27 219.562
31 28 233.502
31 29 3.672
31 30 5.702
31 31 -1
31 32 100.872
31 33 98.835
31 34 97.48
31 35 -1
31 36 108.013
31 37 105.567
31 38 268.783
31 39 100.806
31 40 -1
31 41 -1
31 42 -1
31 43 155.205
31 44 -1
31 45 -1
31 46 145.909
31 47 4.389
31 48 148.086
31 49 -1
32 0 118.27
32 1 12.89
32 2 12.922
32 3 117.099
32 4 123.305
32 5 9.113
32 6 11.27
32 7 106.315
32 8 11.009
32 9 11.9
32 10 106.404
32 11 6.442
32 12 6.205
32 13 223.535
32 14 116.287
32 15 116.363
32 16 115.75
32 17 -1
32 18 72.484
32 19 96.06
32 20 123.545
32 21 122.266
32 22 115.255
32 23 121.794
32 24 116.869
32 25 121.95
32 26 120.402
32 27 121.018
32 28 134.958
32 29 104.181
32 30 103.738
32 31 99.734
32 32 -1
32 33 190.964
32 34 7.849
32 35 -1
32 36 6.576
32 37 6.951
32 38 -1
32 39 12.081
32 40 -1
32 41 -1
32 42 -1
32 43 56.661
32 44 -1
32 45 -1
32 46 47.365
32 47 102.425
32 48 49.542
32 49 -1
33 0 -1
33 1 201.35
33 2 201.382
33 3 -1
33 4 -1
33 5 190.444
33 6 187.888
33 7 -1
33 8 187.627
33 9 188.518
33 10 91.081
33 11 187.966
33 12 186.836
33 13 38.822
33 14 -1
33 15 -1
33 16 -1
33 17 99.853
33 18 120.595
33 19 104.998
33 20 -1
33 21 -1
33 22 -1
33 23 -1
33 24 -1
33 25 -1
33 26 -1
33 27 -1
33 28 -1
33 29 101.017
33 30 92.211
33 31 100.008
33 32 190.716
33 33 -1
33 34 187.324
33 35 217.568
33 36 197.857
33 37 195.411
33 38 177.415
33 39 190.65
33 40 210.489
33 41 222.455
33 42 210.48
33 43 245.049
33 44 212.291
33 45 168.241
33 46 235.753
33 47 92.695
33 48 237.93
33 49 202.6
34 0 121.626
34 1 16.246
34 2 16.278
34 3 120.455
34 4 126.661
34 5 5.34
34 6 6.406
34 7 109.671
34 8 6.145
34 9 7.036
34 10 101.282
34 11 2.813
34 12 1.683
34 13 218.413
34 14 119.643
34 15 119.719
34 16 119.106
34 17 -1
34 18 67.362
34 19 90.938
34 20 126.901
34 21 125.622
34 22 118.611
34 23 125.15
34 24 120.225
34 25 125.306
34 26 123.758
34 27 124.374
34 28 138.314
34 29 99.059
34 30 98.616
34 31 94.612
34 32 7.299
34 33 185.842
34 34 -1
34 35 -1
34 36 12.753
34 37 10.307
34 38 -1
34 39 5.546
34 40 -1
34 41 -1
34 42 -1
34 43 60.017
34 44 -1
34 45 -1
34 46 50.721
34 47 97.303
34 48 52.898
34 49 -1
35 0 -1
35 1 -1
35 2 -1
35 3 -1
35 4 -1
35 5 -1
35 6 -1
35 7 -1
35 8 -1
35 9 -1
35 10 -1
35 11 -1
35 12 -1
35 13 208.556
35 14 -1
35 15 -1
35 16 -1
35 17 148.851
35 18 -1
35 19 -1
35 20 -1
35 21 -1
35 22 -1
35 23 -1
35 24 -1
35 25 -1
35 26 -1
35 27 -1
35 28 -1
35 29 -1
35 30 -1
35 31 -1
35 32 -1
35 33 223.138
35 34 -1
35 35 -1
35 36 -1
35 37 -1
35 38 46.633
35 39 -1
35 40 21.53
35 41 13.315
35 42 9.455
35 43 -1
35 44 9.34
35 45 60.13
35 46 -1
35 47 -1
35 48 -1
35 49 10.387
36 0 117.968
36 1 15.653
36 2 15.685
36 3 116.797
36 4 123.003
36 5 10.479
36 6 17.233
36 7 106.013
36 8 16.972
36 9 17.863
36 10 112.109
36 11 12.968
36 12 12.573
36 13 229.24
36 14 115.985
36 15 116.061
36 16 115.448
36 17 -1
36 18 78.189
36 19 101.765
36 20 123.243
36 21 121.964
36 22 114.953
36 23 121.492
36 24 116.567
36 25 121.648
36 26 120.1
36 27 120.716
36 28 134.656
36 29 109.886
36 30 109.443
36 31 105.439
36 32 6.512
36 33 196.669
36 34 12.326
36 35 -1
36 36 -1
36 37 5.968
36 38 -1
36 39 13.447
36 40 -1
36 41 -1
36 42 -1
36 43 56.359
36 44 -1
36 45 -1
36 46 47.063
36 47 108.13
36 48 49.24
36 49 -1
37 0 112.236
37 1 11.704
37 2 11.736
37 3 111.065
37 4 117.271
37 5 9.277
37 6 16.031
37 7 100.281
37 8 15.77
37 9 16.661
37 10 110.907
37 11 11.766
37 12 11.371
37 13 228.038
37 14 110.253
37 15 110.329
37 16 109.716
37 17 -1
37 18 76.987
37 19 100.563
37 20 117.511
37 21 116.232
37 22 109.221
37 23 115.76
37 24 110.835
37 25 115.916
37 26 114.368
37 27 114.984
37 28 128.924
37 29 108.684
37 30 108.241
37 31 104.237
37 32 7.857
37 33 195.467
37 34 11.124
37 35 -1
37 36 4.474
37 37 -1
37 38 -1
37 39 12.245
37 40 -1
37 41 -1
37 42 -1
37 43 50.627
37 44 -1
37 45 -1
37 46 41.331
37 47 106.928
37 48 43.508
37 49 -1
38 0 -1
38 1 -1
38 2 -1
38 3 -1
38 4 -1
38 5 -1
38 6 -1
38 7 -1
38 8 -1
38 9 -1
38 10 -1
38 11 -1
38 12 -1
38 13 166.714
38 14 -1
38 15 -1
38 16 -1
38 17 107.009
38 18 -1
38 19 273.358
38 20 -1
38 21 -1
38 22 -1
38 23 -1
38 24 -1
38 25 -1
38 26 -1
38 27 -1
38 28 -1
38 29 269.377
38 30 260.571
38 31 268.368
38 32 -1
38 33 181.296
38 34 -1
38 35 45.144
38 36 -1
38 37 -1
38 38 -1
38 39 -1
38 40 38.065
38 41 56.137
38 42 44.162
38 43 -1
38 44 45.973
38 45 44.893
38 46 -1
38 47 261.055
38 48 -1
38 49 30.176
39 0 123.565
39 1 18.185
39 2 18.217
39 3 122.394
39 4 128.6
39 5 7.279
39 6 10.548
39 7 111.61
39 8 10.287
39 9 11.178
39 10 105.424
39 11 3.694
39 12 5.888
39 13 222.555
39 14 121.582
39 15 121.658
39 16 121.045
39 17 -1
39 18 71.504
39 19 95.08
39 20 128.84
39 21 127.561
39 22 120.55
39 23 127.089
39 24 122.164
39 25 127.245
39 26 125.697
39 27 126.313
39 28 140.253
39 29 103.201
39 30 102.758
39 31 98.754
39 32 12.21
39 33 189.984
39 34 3.756
39 35 -1
39 36 14.692
39 37 12.246
39 38 -1
39 39 -1
39 40 -1
39 41 -1
39 42 -1
39 43 61.956
39 44 -1
39 45 -1
39 46 52.66
39 47 101.445
39 48 54.837
39 49 -1
40 0 -1
40 1 -1
40 2 -1
40 3 -1
40 4 -1
40 5 -1
40 6 -1
40 7 -1
40 8 -1
40 9 -1
40 10 -1
40 11 -1
40 12 -1
40 13 199.513
40 14 -1
40 15 -1
40 16 -1
40 17 139.808
40 18 -1
40 19 -1
40 20 -1
40 21 -1
40 22 -1
40 23 -1
40 24 -1
40 25 -1
40 26 -1
40 27 -1
40 28 -1
40 29 -1
40 30 -1
40 31 -1
40 32 -1
40 33 214.095
40 34 -1
40 35 20.924
40 36 -1
40 37 -1
40 38 37.59
40 39 -1
40 40 -1
40 41 28.508
40 42 22.717
40 43 -1
40 44 25.6
40 45 60.339
40 46 -1
40 47 -1
40 48 -1
40 49 19.098
41 0 -1
41 1 -1
41 2 -1
41 3 -1
41 4 -1
41 5 -1
41 6 -1
41 7 -1
41 8 -1
41 9 -1
41 10 -1
41 11 -1
41 12 -1
41 13 212.787
41 14 -1
41 15 -1
41 16 -1
41 17 153.082
41 18 -1
41 19 -1
41 20 -1
41 21 -1
41 22 -1
41 23 -1
41 24 -1
41 25 -1
41 26 -1
41 27 -1
41 28 -1
41 29 -1
41 30 -1
41 31 -1
41 32 -1
41 33 227.369
41 34 -1
41 35 12.289
41 36 -1
41 37 -1
41 38 50.864
41 39 -1
41 40 25.761
41 41 -1
41 42 13.285
41 43 -1
41 44 16.168
41 45 63.96
41 46 -1
41 47 -1
41 48 -1
41 49 22.055
42 0 -1
42 1 -1
42 2 -1
42 3 -1
42 4 -1
42 5 -1
42 6 -1
42 7 -1
42 8 -1
42 9 -1
42 10 -1
42 11 -1
42 12 -1
42 13 201.126
42 14 -1
42 15 -1
42 16 -1
42 17 141.421
42 18 -1
42 19 -1
42 20 -1
42 21 -1
42 22 -1
42 23 -1
42 24 -1
42 25 -1
42 26 -1
42 27 -1
42 28 -1
42 29 -1
42 30 -1
42 31 -1
42 32 -1
42 33 215.708
42 34 -1
42 35 10.125
42 36 -1
42 37 -1
42 38 43.965
42 39 -1
42 40 22.804
42 41 13.738
42 42 -1
42 43 -1
42 44 3.828
42 45 51.605
42 46 -1
42 47 -1
42 48 -1
42 49 18.855
43 0 66.164
43 1 59.822
43 2 59.854
43 3 64.993
43 4 71.199
43 5 58.411
43 6 65.165
43 7 54.209
43 8 64.904
43 9 65.795
43 10 160.116
43 11 60.9
43 12 60.505
43 13 -1
43 14 64.181
43 15 64.257
43 16 63.644
43 17 -1
43 18 126.196
43 19 149.772
43 20 71.439
43 21 70.16
43 22 63.149
43 23 69.688
43 24 64.763
43 25 69.844
43 26 68.296
43 27 68.912
43 28 82.852
43 29 157.893
43 30 157.45
43 31 153.446
43 32 56.8
43 33 244.676
43 34 60.258
43 35 -1
43 36 58.012
43 37 54.407
43 38 -1
43 39 61.379
43 40 -1
43 41 -1
43 42 -1
43 43 -1
43 44 -1
43 45 -1
43 46 9.306
43 47 156.137
43 48 12.418
43 49 -1
44 0 -1
44 1 -1
44 2 -1
44 3 -1
44 4 -1
44 5 -1
44 6 -1
44 7 -1
44 8 -1
44 9 -1
44 10 -1
44 11 -1
44 12 -1
44 13 202.424
44 14 -1
44 15 -1
44 16 -1
44 17 142.719
44 18 -1
44 19 -1
44 20 -1
44 21 -1
44 22 -1
44 23 -1
44 24 -1
44 25 -1
44 26 -1
44 27 -1
44 28 -1
44 29 -1
44 30 -1
44 31 -1
44 32 -1
44 33 217.006
44 34 -1
44 35 9.282
44 36 -1
44 37 -1
44 38 45.263
44 39 -1
44 40 25.907
44 41 16.841
44 42 2.603
44 43 -1
44 44 -1
44 45 52.903
44 46 -1
44 47 -1
44 48 -1
44 49 16.58
45 0 -1
45 1 -1
45 2 -1
45 3 -1
45 4 -1
45 5 -1
45 6 -1
45 7 -1
45 8 -1
45 9 -1
45 10 -1
45 11 -1
45 12 -1
45 13 157.824
45 14 -1
45 15 -1
45 16 -1
45 17 79.031
45 18 -1
45 19 -1
45 20 -1
45 21 -1
45 22 -1
45 23 -1
45 24 -1
45 25 -1
45 26 -1
45 27 -1
45 28 -1
45 29 -1
45 30 251.681
45 31 -1
45 32 -1
45 33 172.406
45 34 -1
45 35 60.506
45 36 -1
45 37 -1
45 38 45.427
45 39 -1
45 40 61.618
45 41 64.119
45 42 52.144
45 43 -1
45 44 53.955
45 45 -1
45 46 -1
45 47 -1
45 48 -1
45 49 46.594
46 0 77.855
46 1 49.577
46 2 49.609
46 3 76.684
46 4 82.89
46 5 48.166
46 6 54.92
46 7 65.9
46 8 54.659
46 9 55.55
46 10 149.871
46 11 50.655
46 12 50.26
46 13 -1
46 14 75.872
46 15 75.948
46 16 75.335
46 17 -1
46 18 115.951
46 19 139.527
46 20 83.13
46 21 81.851
46 22 74.84
46 23 81.379
46 24 76.454
46 25 81.535
46 26 79.987
46 27 80.603
46 28 94.543
46 29 147.648
46 30 147.205
46 31 143.201
46 32 46.555
46 33 234.431
46 34 50.013
46 35 -1
46 36 47.767
46 37 44.162
46 38 -1
46 39 51.134
46 40 -1
46 41 -1
46 42 -1
46 43 11.731
46 44 -1
46 45 -1
46 46 -1
46 47 145.892
46 48 3.882
46 49 -1
47 0 217.326
47 1 112.018
47 2 112.05
47 3 216.155
47 4 222.361
47 5 101.112
47 6 98.556
47 7 205.371
47 8 98.295
47 9 99.186
47 10 7.33
47 11 98.634
47 12 97.504
47 13 131.918
47 14 215.343
47 15 215.419
47 16 214.806
47 17 191.733
47 18 31.263
47 19 7.392
47 20 222.601
47 21 221.322
47 22 214.311
47 23 220.85
47 24 215.925
47 25 221.006
47 26 219.458
47 27 220.074
47 28 234.014
47 29 4.829
47 30 2.88
47 31 4.281
47 32 101.384
47 33 99.347
47 34 97.992
47 35 -1
47 36 108.525
47 37 106.079
47 38 269.295
47 39 101.318
47 40 -1
47 41 -1
47 42 -1
47 43 155.717
47 44 -1
47 45 -1
47 46 146.421
47 47 -1
47 48 148.598
47 49 -1
48 0 73.811
48 1 51.166
48 2 51.198
48 3 72.64
48 4 78.846
48 5 49.755
48 6 56.509
48 7 61.856
48 8 56.248
48 9 57.139
48 10 151.46
48 11 52.244
48 12 51.849
48 13 268.591
48 14 71.828
48 15 71.904
48 16 71.291
48 17 -1
48 18 117.54
48 19 141.116
48 20 79.086
48 21 77.807
48 22 70.796
48 23 77.335
48 24 72.41
48 25 77.491
48 26 75.943
48 27 76.559
48 28 90.499
48 29 149.237
48 30 148.794
48 31 144.79
48 32 48.144
48 33 236.02
48 34 51.602
48 35 -1
48 36 49.356
48 37 45.751
48 38 -1
48 39 52.723
48 40 -1
48 41 -1
48 42 -1
48 43 12.202
48 44 -1
48 45 -1
48 46 2.359
48 47 147.481
48 48 -1
48 49 -1
49 0 -1
49 1 -1
49 2 -1
49 3 -1
49 4 -1
49 5 -1
49 6 -1
49 7 -1
49 8 -1
49 9 -1
49 10 -1
49 11 -1
49 12 -1
49 13 193.934
49 14 -1
49 15 -1
49 16 -1
49 17 134.229
49 18 -1
49 19 -1
49 20 -1
49 21 -1
49 22 -1
49 23 -1
49 24 -1
49 25 -1
49 26 -1
49 27 -1
49 28 -1
49 29 -1
49 30 -1
49 31 -1
49 32 -1
49 33 208.516
49 34 -1
49 35 8.804
49 36 -1
49 37 -1
49 38 31.832
49 39 -1
49 40 18.769
49 41 20.905
49 42 14.487
49 43 -1
49 44 13.945
49 45 43.827
49 46 -1
49 47 -1
49 48 -1
49 49 -1
;