set nodes := 0 1 2 3 4 5 6 7 8 9 10 11 12 13 14 15 16 17 18 19 20 21 22 23 24 25 26 27 28 29 30 31 32 33 34 35 36 37 38 39 40 41 42 43 44 45 46 47 48 49 50 51 ;

param start_node := 0 ;

param end_node := 51 ;

param max_capacity := 57.5 ;

param min_capacity := 2.875 ;

param start_capacity := 57.5 ;

param car_efficiency := 0.1513157894736842 ;

param max_charge_time := 0.75 ;

param min_charge_time := 0.25 ;

param charger_power :=
0 0
1 95.0
2 11.0
3 11.0
4 11.0
5 95.0
6 95.0
7 75.0
8 11.0
9 95.0
10 50.0
11 75.0
12 95.0
13 50.0
14 75.0
15 95.0
16 75.0
17 95.0
18 50.0
19 50.0
20 11.0
21 50.0
22 95.0
23 11.0
24 50.0
25 95.0
26 75.0
27 75.0
28 11.0
29 50.0
30 50.0
31 50.0
32 95.0
33 50.0
34 50.0
35 50.0
36 50.0
37 75.0
38 11.0
39 50.0
40 95.0
41 50.0
42 11.0
43 11.0
44 11.0
45 11.0
46 11.0
47 22.0
48 11.0
49 11.0
50 11.0
51 0
;

param arc_time :=
0 0 -1
0 1 2.2747216666666668
0 2 1.3591666666666666
0 3 1.3591666666666666
0 4 0.4675
0 5 2.150278333333333
0 6 2.0847216666666664
0 7 2.0900000000000003
0 8 0.9236116666666666
0 9 1.0097216666666666
0 10 0.8450000000000001
0 11 2.1308333333333334
0 12 2.1761116666666664
0 13 1.3036116666666666
0 14 2.1861116666666667
0 15 0.9908333333333333
0 16 2.069166666666667
0 17 2.2336116666666666
0 18 1.1402783333333335
0 19 1.0252783333333333
0 20 0.09333333333333332
0 21 0.21
0 22 2.146945
0 23 1.1688883333333335
0 24 0.8961116666666666
0 25 2.218055
0 26 2.115
0 27 2.1133333333333333
0 28 0.371945
0 29 1.4780550000000001
0 30 0.9822216666666667
0 31 0.8611116666666666
0 32 2.251945
0 33 0.6508333333333333
0 34 1.176945
0 35 0.9558333333333333
0 36 1.4702783333333334
0 37 1.6883333333333332
0 38 1.698055
0 39 1.1416666666666666
0 40 1.2486116666666667
0 41 1.6658333333333333
0 42 0.1725
0 43 0.15277833333333335
0 44 0.1525
0 45 1.7636116666666666
0 46 1.768055
0 47 0.5275
0 48 0.16222166666666665
0 49 0.1988883333333333
0 50 0.12361166666666666
0 51 2.356666666666667
1 0 2.285555
1 1 -1
1 2 2.025
1 3 2.025
1 4 2.065
1 5 0.27666666666666667
1 6 0.42083333333333334
1 7 0.42638833333333337
1 8 1.6288883333333333
1 9 1.663055
1 10 1.5913883333333334
1 11 0.41833333333333333
1 12 0.3925
1 13 1.1183333333333332
1 14 0.48500000000000004
1 15 1.6658333333333333
1 16 0.5638883333333333
1 17 0.37
1 18 1.315555
1 19 1.4261116666666667
1 20 2.221388333333333
1 21 2.207221666666667
1 22 0.5308333333333334
1 23 1.4527783333333335
1 24 1.6472216666666666
1 25 0.513055
1 26 0.540555
1 27 0.5788883333333333
1 28 2.4327783333333333
1 29 1.191945
1 30 1.676945
1 31 1.6641666666666666
1 32 0.5158333333333334
1 33 1.7352783333333333
1 34 1.598055
1 35 1.6063883333333335
1 36 1.1838883333333332
1 37 0.8061116666666667
1 38 0.7061116666666667
1 39 1.6102783333333333
1 40 1.1786116666666666
1 41 0.7863883333333334
1 42 2.3372216666666668
1 43 2.2877783333333332
1 44 2.3072216666666665
1 45 0.7758333333333333
1 46 0.7758333333333333
1 47 2.4752783333333332
1 48 2.237221666666667
1 49 2.341111666666667
1 50 2.2816666666666667
1 51 0.5663883333333334
2 0 1.3683333333333332
2 1 2.0047216666666667
2 2 -1
2 3 -1
2 4 1.148055
2 5 1.8802783333333333
2 6 1.8147216666666668
2 7 1.82
2 8 0.5836116666666666
2 9 0.7191666666666666
2 10 0.5280549999999999
2 11 1.8608333333333333
2 12 1.9061116666666666
2 13 1.0336116666666666
2 14 1.9161116666666667
2 15 0.5286116666666667
2 16 1.7991666666666668
2 17 1.9636116666666665
2 18 0.8702783333333334
2 19 0.7513883333333333
2 20 1.304445
2 21 1.2902783333333334
2 22 1.8769449999999999
2 23 0.9152783333333333
2 24 0.534445
2 25 1.948055
2 26 1.845
2 27 1.8433333333333333
2 28 1.5158333333333334
2 29 1.208055
2 30 0.4386116666666667
2 31 0.6549999999999999
2 32 1.981945
2 33 0.8183333333333334
2 34 0.7133333333333333
2 35 0.4597216666666667
2 36 1.2002783333333333
2 37 1.4183333333333332
2 38 1.4283333333333335
2 39 0.820555
2 40 0.9786116666666668
2 41 1.3958333333333333
2 42 1.4202783333333333
2 43 1.3708333333333333
2 44 1.3902783333333335
2 45 1.4936116666666666
2 46 1.4980550000000001
2 47 1.5583333333333333
2 48 1.32
2 49 1.4241666666666668
2 50 1.3647216666666668
2 51 2.086666666666667
3 0 1.3683333333333332
3 1 2.0047216666666667
3 2 -1
3 3 -1
3 4 1.148055
3 5 1.8802783333333333
3 6 1.8147216666666668
3 7 1.82
3 8 0.5836116666666666
3 9 0.7191666666666666
3 10 0.5280549999999999
3 11 1.8608333333333333
3 12 1.9061116666666666
3 13 1.0336116666666666
3 14 1.9161116666666667
3 15 0.5286116666666667
3 16 1.7991666666666668
3 17 1.9636116666666665
3 18 0.8702783333333334
3 19 0.7513883333333333
3 20 1.304445
3 21 1.2902783333333334
3 22 1.8769449999999999
3 23 0.9152783333333333
3 24 0.534445
3 25 1.948055
3 26 1.845
3 27 1.8433333333333333
3 28 1.5158333333333334
3 29 1.208055
3 30 0.4386116666666667
3 31 0.6549999999999999
3 32 1.981945
3 33 0.8183333333333334
3 34 0.7133333333333333
3 35 0.4597216666666667
3 36 1.2002783333333333
3 37 1.4183333333333332
3 38 1.4283333333333335
3 39 0.820555
3 40 0.9786116666666668
3 41 1.3958333333333333
3 42 1.4202783333333333
3 43 1.3708333333333333
3 44 1.3902783333333335
3 45 1.4936116666666666
3 46 1.4980550000000001
3 47 1.5583333333333333
3 48 1.32
3 49 1.4241666666666668
3 50 1.3647216666666668
3 51 2.086666666666667
4 0 0.47361166666666665
4 1 2.045
4 2 1.129445
4 3 1.129445
4 4 -1
4 5 1.920555
4 6 1.855
4 7 1.8602783333333333
4 8 0.6938883333333333
4 9 0.7799999999999999
4 10 0.6152783333333333
4 11 1.9011116666666665
4 12 1.9461116666666667
4 13 1.0738883333333333
4 14 1.9563883333333334
4 15 0.7611116666666666
4 16 1.839445
4 17 2.0038883333333333
4 18 0.9102783333333334
4 19 0.795555
4 20 0.4097216666666667
4 21 0.395555
4 22 1.9172216666666666
4 23 0.9388883333333333
4 24 0.6663883333333334
4 25 1.9883333333333333
4 26 1.8852783333333332
4 27 1.8833333333333333
4 28 0.6208333333333333
4 29 1.2483333333333335
4 30 0.7525
4 31 0.6313883333333333
4 32 2.0222216666666664
4 33 0.42083333333333334
4 34 0.9472216666666667
4 35 0.7258333333333333
4 36 1.2402783333333334
4 37 1.4586116666666666
4 38 1.4683333333333333
4 39 0.911945
4 40 1.0188883333333334
4 41 1.4358333333333335
4 42 0.5252783333333333
4 43 0.47583333333333333
4 44 0.4952783333333333
4 45 1.5338883333333333
4 46 1.538055
4 47 0.6636116666666666
4 48 0.4252783333333333
4 49 0.529445
4 50 0.46972166666666665
4 51 2.126945
5 0 2.173888333333333
5 1 0.2536116666666667
5 2 1.9133333333333333
5 3 1.9133333333333333
5 4 1.9533333333333334
5 5 -1
5 6 0.309445
5 7 0.315
5 8 1.5172216666666667
5 9 1.5513883333333331
5 10 1.48
5 11 0.30694499999999997
5 12 0.399445
5 13 1.006945
5 14 0.3736116666666666
5 15 1.554445
5 16 0.45222166666666663
5 17 0.25833333333333336
5 18 1.2038883333333332
5 19 1.3147216666666668
5 20 2.11
5 21 2.095833333333333
5 22 0.41944499999999996
5 23 1.3411116666666667
5 24 1.5358333333333334
5 25 0.40166666666666667
5 26 0.4288883333333333
5 27 0.4672216666666667
5 28 2.3211116666666665
5 29 1.0802783333333332
5 30 1.5652783333333333
5 31 1.5525
5 32 0.4041666666666667
5 33 1.6238883333333334
5 34 1.4866666666666668
5 35 1.4947216666666667
5 36 1.0725
5 37 0.6947216666666667
5 38 0.5947216666666667
5 39 1.4986116666666667
5 40 1.066945
5 41 0.6747216666666667
5 42 2.2258333333333336
5 43 2.1763883333333336
5 44 2.1958333333333333
5 45 0.6641666666666667
5 46 0.6644450000000001
5 47 2.3638883333333336
5 48 2.125555
5 49 2.229721666666667
5 50 2.17
5 51 0.4547216666666667
6 0 2.0716666666666668
6 1 0.38055500000000003
6 2 1.8111116666666667
6 3 1.8111116666666667
6 4 1.8511116666666667
6 5 0.2561116666666667
6 6 -1
6 7 0.07777833333333332
6 8 1.415
6 9 1.4491666666666667
6 10 1.3777783333333333
6 11 0.19166666666666668
6 12 0.21027833333333332
6 13 0.9047216666666666
6 14 0.469445
6 15 1.4522216666666667
6 16 0.30305499999999996
6 17 0.354445
6 18 1.1016666666666666
6 19 1.2125
6 20 2.0077783333333334
6 21 1.9936116666666666
6 22 0.4927783333333334
6 23 1.2388883333333331
6 24 1.4336116666666667
6 25 0.2863883333333333
6 26 0.28583333333333333
6 27 0.3608333333333333
6 28 2.218888333333333
6 29 0.978055
6 30 1.463055
6 31 1.4502783333333333
6 32 0.31888833333333333
6 33 1.5216666666666667
6 34 1.384445
6 35 1.3924999999999998
6 36 0.9702783333333334
6 37 0.5924999999999999
6 38 0.4925
6 39 1.3963883333333333
6 40 0.9647216666666666
6 41 0.5725
6 42 2.1236116666666667
6 43 2.0741666666666667
6 44 2.0936116666666664
6 45 0.561945
6 46 0.5622216666666666
6 47 2.2616666666666663
6 48 2.0233333333333334
6 49 2.1275
6 50 2.0677783333333335
6 51 0.48666666666666664
7 0 2.1002783333333332
7 1 0.415
7 2 1.8397216666666667
7 3 1.8397216666666667
7 4 1.8797216666666665
7 5 0.290555
7 6 0.08361166666666667
7 7 -1
7 8 1.4436116666666665
7 9 1.4777783333333334
7 10 1.4061116666666666
7 11 0.20361166666666666
7 12 0.27527833333333335
7 13 0.933055
7 14 0.4925
7 15 1.4805549999999998
7 16 0.33166666666666667
7 17 0.3772216666666666
7 18 1.1302783333333333
7 19 1.2408333333333335
7 20 2.0363883333333335
7 21 2.0222216666666664
7 22 0.5213883333333333
7 23 1.2674999999999998
7 24 1.461945
7 25 0.29805499999999996
7 26 0.2388883333333333
7 27 0.3138883333333334
7 28 2.2475
7 29 1.0066666666666666
7 30 1.4916666666666667
7 31 1.4788883333333334
7 32 0.33083333333333337
7 33 1.55
7 34 1.413055
7 35 1.4211116666666668
7 36 0.9986116666666667
7 37 0.6208333333333333
7 38 0.5208333333333334
7 39 1.425
7 40 0.9933333333333334
7 41 0.6011116666666666
7 42 2.151945
7 43 2.1025
7 44 2.1219449999999997
7 45 0.590555
7 46 0.5908333333333334
7 47 2.290278333333333
7 48 2.051945
7 49 2.156111666666667
7 50 2.096388333333333
7 51 0.4986116666666666
8 0 0.9486116666666666
8 1 1.5997216666666667
8 2 0.5547216666666667
8 3 0.5547216666666667
8 4 0.728055
8 5 1.4752783333333332
8 6 1.4097216666666665
8 7 1.415
8 8 -1
8 9 0.3141666666666667
8 10 0.2011116666666667
8 11 1.4558333333333333
8 12 1.5011116666666666
8 13 0.6286116666666667
8 14 1.5111116666666669
8 15 0.1825
8 16 1.3941666666666668
8 17 1.5586116666666667
8 18 0.4652783333333333
8 19 0.35027833333333336
8 20 0.8847216666666667
8 21 0.870555
8 22 1.471945
8 23 0.4938883333333333
8 24 0.08333333333333333
8 25 1.5430549999999998
8 26 1.4400000000000002
8 27 1.4383333333333332
8 28 1.0958333333333334
8 29 0.8030550000000001
8 30 0.18027833333333335
8 31 0.18138833333333335
8 32 1.5769449999999998
8 33 0.39861166666666664
8 34 0.381945
8 35 0.160555
8 36 0.7952783333333334
8 37 1.0133333333333332
8 38 1.0233333333333332
8 39 0.366945
8 40 0.5736116666666666
8 41 0.9908333333333333
8 42 1.0005549999999999
8 43 0.9511116666666666
8 44 0.970555
8 45 1.0886116666666665
8 46 1.0930549999999999
8 47 1.1386116666666666
8 48 0.9002783333333333
8 49 1.004445
8 50 0.9447216666666667
8 51 1.6816666666666669
9 0 0.9977783333333333
9 1 1.6583333333333334
9 2 0.7216666666666666
9 3 0.7216666666666666
9 4 0.7772216666666666
9 5 1.5341666666666667
9 6 1.4686116666666666
9 7 1.4738883333333335
9 8 0.325555
9 9 -1
9 10 0.3038883333333333
9 11 1.5147216666666667
9 12 1.5597216666666667
9 13 0.6875
9 14 1.57
9 15 0.3627783333333333
9 16 1.453055
9 17 1.6172216666666666
9 18 0.5238883333333333
9 19 0.4091666666666667
9 20 0.9338883333333333
9 21 0.9197216666666667
9 22 1.5308333333333333
9 23 0.5525
9 24 0.3441666666666666
9 25 1.6016666666666666
9 26 1.4986116666666667
9 27 1.496945
9 28 1.145
9 29 0.8619450000000001
9 30 0.3736116666666666
9 31 0.3763883333333334
9 32 1.635555
9 33 0.44777833333333333
9 34 0.5488883333333334
9 35 0.32749999999999996
9 36 0.8538883333333334
9 37 1.0722216666666666
9 38 1.0819450000000002
9 39 0.35583333333333333
9 40 0.6322216666666667
9 41 1.049445
9 42 1.0497216666666667
9 43 1.0002783333333334
9 44 1.0197216666666666
9 45 1.1475
9 46 1.1516666666666666
9 47 1.1877783333333334
9 48 0.9494450000000001
9 49 1.0536116666666666
9 50 0.9938883333333333
9 51 1.740555
10 0 0.845555
10 1 1.5658333333333334
10 2 0.541945
10 3 0.541945
10 4 0.6252783333333334
10 5 1.4413883333333333
10 6 1.3758333333333332
10 7 1.3811116666666665
10 8 0.17583333333333334
10 9 0.30083333333333334
10 10 -1
10 11 1.421945
10 12 1.4672216666666666
10 13 0.5947216666666667
10 14 1.4772216666666667
10 15 0.255
10 16 1.3602783333333333
10 17 1.5247216666666668
10 18 0.4313883333333333
10 19 0.3163883333333333
10 20 0.7816666666666666
10 21 0.7675
10 22 1.4380549999999999
10 23 0.46
10 24 0.109445
10 25 1.5091666666666665
10 26 1.4061116666666666
10 27 1.404445
10 28 0.993055
10 29 0.7691666666666667
10 30 0.16472166666666668
10 31 0.17361166666666666
10 32 1.5430549999999998
10 33 0.295555
10 34 0.468055
10 35 0.24694500000000003
10 36 0.7613883333333333
10 37 0.979445
10 38 0.9891666666666666
10 39 0.4327783333333333
10 40 0.5397216666666667
10 41 0.9569449999999999
10 42 0.8975000000000001
10 43 0.848055
10 44 0.8674999999999999
10 45 1.0547216666666666
10 46 1.0591666666666666
10 47 1.035555
10 48 0.7972216666666667
10 49 0.9013883333333333
10 50 0.841945
10 51 1.6477783333333333
11 0 2.0977783333333333
11 1 0.391945
11 2 1.8375
11 3 1.8375
11 4 1.8775000000000002
11 5 0.2675
11 6 0.2125
11 7 0.21111166666666667
11 8 1.4411116666666668
11 9 1.4752783333333332
11 10 1.4038883333333334
11 11 -1
11 12 0.3025
11 13 0.9308333333333334
11 14 0.483055
11 15 1.4783333333333333
11 16 0.3761116666666667
11 17 0.35083333333333333
11 18 1.128055
11 19 1.2386116666666667
11 20 2.033888333333333
11 21 2.019721666666667
11 22 0.5058333333333334
11 23 1.2650000000000001
11 24 1.4597216666666666
11 25 0.09444499999999999
11 26 0.21888833333333332
11 27 0.20194499999999999
11 28 2.2452783333333333
11 29 1.0041666666666667
11 30 1.4891666666666665
11 31 1.4763883333333332
11 32 0.12722166666666668
11 33 1.5477783333333333
11 34 1.410555
11 35 1.4186116666666666
11 36 0.9963883333333333
11 37 0.6186116666666667
11 38 0.5186116666666667
11 39 1.4224999999999999
11 40 0.9911116666666667
11 41 0.5988883333333334
11 42 2.1497216666666668
11 43 2.1002783333333332
11 44 2.1197216666666665
11 45 0.588055
11 46 0.5883333333333333
11 47 2.2877783333333332
11 48 2.049445
11 49 2.153611666666667
11 50 2.0938883333333336
11 51 0.3091666666666667
12 0 2.1886116666666666
12 1 0.41027833333333336
12 2 1.928055
12 3 1.928055
12 4 1.9680549999999999
12 5 0.37305499999999997
12 6 0.20833333333333334
12 7 0.28388833333333335
12 8 1.5319450000000001
12 9 1.5661116666666668
12 10 1.4947216666666667
12 11 0.3086116666666667
12 12 -1
12 13 1.0216666666666667
12 14 0.5863883333333334
12 15 1.5691666666666668
12 16 0.40861166666666665
12 17 0.47138833333333335
12 18 1.2188883333333334
12 19 1.329445
12 20 2.124721666666667
12 21 2.110555
12 22 0.6097216666666667
12 23 1.3558333333333332
12 24 1.550555
12 25 0.4033333333333333
12 26 0.416945
12 27 0.49166666666666664
12 28 2.3358333333333334
12 29 1.095
12 30 1.5799999999999998
12 31 1.5672216666666665
12 32 0.4358333333333333
12 33 1.6386116666666666
12 34 1.5013883333333333
12 35 1.509445
12 36 1.0872216666666668
12 37 0.709445
12 38 0.6094449999999999
12 39 1.5133333333333332
12 40 1.0819450000000002
12 41 0.6897216666666667
12 42 2.240555
12 43 2.1911116666666666
12 44 2.210555
12 45 0.6788883333333333
12 46 0.6791666666666667
12 47 2.3786116666666666
12 48 2.1402783333333333
12 49 2.244445
12 50 2.184721666666667
12 51 0.6036116666666668
13 0 1.3175
13 1 1.0983333333333334
13 2 1.056945
13 3 1.056945
13 4 1.096945
13 5 0.9738883333333334
13 6 0.9083333333333333
13 7 0.9136116666666666
13 8 0.6608333333333333
13 9 0.6950000000000001
13 10 0.6233333333333333
13 11 0.954445
13 12 0.999445
13 13 -1
13 14 1.0097216666666666
13 15 0.6977783333333334
13 16 0.8927783333333333
13 17 1.0572216666666667
13 18 0.34750000000000003
13 19 0.458055
13 20 1.2533333333333334
13 21 1.2391666666666665
13 22 0.970555
13 23 0.48472166666666666
13 24 0.6791666666666667
13 25 1.0416666666666667
13 26 0.9386116666666666
13 27 0.9366666666666668
13 28 1.4647216666666667
13 29 0.26916666666666667
13 30 0.7088883333333332
13 31 0.6961116666666667
13 32 1.075555
13 33 0.7672216666666666
13 34 0.63
13 35 0.6383333333333333
13 36 0.2611116666666667
13 37 0.511945
13 38 0.5216666666666667
13 39 0.6422216666666666
13 40 0.19222166666666668
13 41 0.4891666666666667
13 42 1.3691666666666669
13 43 1.3197216666666667
13 44 1.3391666666666666
13 45 0.5872216666666666
13 46 0.5913883333333333
13 47 1.5072216666666667
13 48 1.2691666666666668
13 49 1.3730550000000001
13 50 1.3136116666666666
13 51 1.1802783333333333
14 0 2.167778333333333
14 1 0.43555499999999997
14 2 1.9075
14 3 1.9075
14 4 1.9475
14 5 0.3111116666666666
14 6 0.434445
14 7 0.433055
14 8 1.5111116666666669
14 9 1.5452783333333333
14 10 1.4738883333333335
14 11 0.425
14 12 0.5244449999999999
14 13 0.993055
14 14 -1
14 15 1.5483333333333333
14 16 0.5297216666666666
14 17 0.19388833333333333
14 18 1.198055
14 19 1.3086116666666667
14 20 2.1038883333333334
14 21 2.0897216666666667
14 22 0.20361166666666666
14 23 1.335
14 24 1.5297216666666666
14 25 0.4766666666666667
14 26 0.5066666666666666
14 27 0.5172216666666667
14 28 2.315278333333333
14 29 1.0588883333333332
14 30 1.5591666666666666
14 31 1.5463883333333333
14 32 0.4511116666666667
14 33 1.6177783333333333
14 34 1.4805549999999998
14 35 1.4886116666666667
14 36 1.0511116666666667
14 37 0.8
14 38 0.5627783333333334
14 39 1.4925
14 40 1.0388883333333334
14 41 0.7799999999999999
14 42 2.2197216666666666
14 43 2.1702783333333335
14 44 2.1897216666666663
14 45 0.6322216666666667
14 46 0.6325000000000001
14 47 2.3577783333333335
14 48 2.1194450000000002
14 49 2.2236116666666663
14 50 2.1638883333333334
14 51 0.38527833333333333
15 0 1.0163883333333332
15 1 1.6675
15 2 0.5463883333333333
15 3 0.5463883333333333
15 4 0.7958333333333333
15 5 1.5430549999999998
15 6 1.4775
15 7 1.4827783333333333
15 8 0.19499999999999998
15 9 0.38166666666666665
15 10 0.23666666666666666
15 11 1.5236116666666668
15 12 1.5686116666666665
15 13 0.6963883333333333
15 14 1.5788883333333332
15 15 -1
15 16 1.461945
15 17 1.6263883333333333
15 18 0.5327783333333334
15 19 0.4327783333333333
15 20 0.9525
15 21 0.9383333333333332
15 22 1.5397216666666667
15 23 0.5613883333333334
15 24 0.17305500000000001
15 25 1.6108333333333333
15 26 1.5077783333333334
15 27 1.5058333333333331
15 28 1.1636116666666667
15 29 0.8708333333333333
15 30 0.089445
15 31 0.2816666666666666
15 32 1.6447216666666666
15 33 0.46611166666666665
15 34 0.39277833333333334
15 35 0.15055500000000002
15 36 0.8627783333333333
15 37 1.0811116666666665
15 38 1.0908333333333333
15 39 0.4672216666666667
15 40 0.6413883333333333
15 41 1.0583333333333333
15 42 1.068055
15 43 1.0186116666666667
15 44 1.038055
15 45 1.1563883333333334
15 46 1.160555
15 47 1.2063883333333334
15 48 0.968055
15 49 1.0722216666666666
15 50 1.0125
15 51 1.7494450000000001
16 0 2.053611666666667
16 1 0.4925
16 2 1.7933333333333332
16 3 1.7933333333333332
16 4 1.8333333333333333
16 5 0.368055
16 6 0.29722166666666666
16 7 0.3025
16 8 1.3969449999999999
16 9 1.4311116666666666
16 10 1.3597216666666665
16 11 0.34861166666666665
16 12 0.3886116666666667
16 13 0.8866666666666667
16 14 0.534445
16 15 1.4341666666666666
16 16 -1
16 17 0.45138833333333334
16 18 1.0838883333333333
16 19 1.1944450000000002
16 20 1.9897216666666668
16 21 1.975555
16 22 0.4952783333333333
16 23 1.2208333333333334
16 24 1.4155550000000001
16 25 0.4561116666666667
16 26 0.33277833333333334
16 27 0.35138833333333336
16 28 2.201111666666667
16 29 0.9600000000000001
16 30 1.445
16 31 1.4322216666666667
16 32 0.49
16 33 1.5036116666666668
16 34 1.3663883333333333
16 35 1.3744450000000001
16 36 0.9522216666666666
16 37 0.5744450000000001
16 38 0.46611166666666665
16 39 1.3783333333333334
16 40 0.9422216666666666
16 41 0.5547216666666667
16 42 2.105555
16 43 2.056111666666667
16 44 2.075555
16 45 0.5358333333333333
16 46 0.5358333333333333
16 47 2.243611666666667
16 48 2.0052783333333335
16 49 2.109445
16 50 2.0497216666666667
16 51 0.5744450000000001
17 0 2.1980549999999996
17 1 0.3416666666666667
17 2 1.9375
17 3 1.9375
17 4 1.9775
17 5 0.21722166666666667
17 6 0.3402783333333333
17 7 0.33888833333333335
17 8 1.5413883333333334
17 9 1.575555
17 10 1.5041666666666667
17 11 0.3311116666666667
17 12 0.430555
17 13 1.0311116666666666
17 14 0.24583333333333332
17 15 1.5783333333333334
17 16 0.47638833333333336
17 17 -1
17 18 1.2280550000000001
17 19 1.3388883333333332
17 20 2.1341666666666668
17 21 2.12
17 22 0.2916666666666667
17 23 1.3652783333333334
17 24 1.5597216666666667
17 25 0.42583333333333334
17 26 0.453055
17 27 0.4913883333333333
17 28 2.3452783333333334
17 29 1.104445
17 30 1.589445
17 31 1.5766666666666667
17 32 0.42972166666666667
17 33 1.648055
17 34 1.5108333333333335
17 35 1.5188883333333334
17 36 1.0966666666666667
17 37 0.7188883333333334
17 38 0.6188883333333333
17 39 1.5227783333333333
17 40 1.0911116666666667
17 41 0.6988883333333333
17 42 2.25
17 43 2.200555
17 44 2.2199999999999998
17 45 0.6883333333333332
17 46 0.6886116666666666
17 47 2.388055
17 48 2.1497216666666668
17 49 2.2538883333333337
17 50 2.194166666666667
17 51 0.420555
18 0 1.1375
18 1 1.2897216666666667
18 2 0.876945
18 3 0.876945
18 4 0.916945
18 5 1.1652783333333334
18 6 1.0997216666666667
18 7 1.105
18 8 0.48083333333333333
18 9 0.515
18 10 0.4436116666666667
18 11 1.1458333333333333
18 12 1.1911116666666668
18 13 0.3186116666666667
18 14 1.2011116666666666
18 15 0.518055
18 16 1.0841666666666667
18 17 1.2486116666666667
18 18 -1
18 19 0.2783333333333333
18 20 1.0736116666666669
18 21 1.059445
18 22 1.161945
18 23 0.22027833333333333
18 24 0.499445
18 25 1.233055
18 26 1.13
18 27 1.1283333333333334
18 28 1.2847216666666665
18 29 0.493055
18 30 0.5288883333333333
18 31 0.5161116666666666
18 32 1.266945
18 33 0.5875
18 34 0.45027833333333334
18 35 0.4583333333333333
18 36 0.48527833333333337
18 37 0.7033333333333334
18 38 0.713055
18 39 0.46222166666666664
18 40 0.2636116666666667
18 41 0.6808333333333334
18 42 1.1894449999999999
18 43 1.1400000000000001
18 44 1.159445
18 45 0.7786116666666667
18 46 0.783055
18 47 1.3275000000000001
18 48 1.0891666666666666
18 49 1.1933333333333331
18 50 1.1336116666666667
18 51 1.3716666666666666
19 0 1.036945
19 1 1.4386116666666666
19 2 0.7763883333333333
19 3 0.7763883333333333
19 4 0.8163883333333334
19 5 1.3141666666666665
19 6 1.2486116666666667
19 7 1.2538883333333333
19 8 0.38027833333333333
19 9 0.414445
19 10 0.343055
19 11 1.2947216666666668
19 12 1.3397216666666667
19 13 0.4675
19 14 1.35
19 15 0.41750000000000004
19 16 1.233055
19 17 1.3975
19 18 0.3086116666666667
19 19 -1
19 20 0.973055
19 21 0.9588883333333332
19 22 1.3108333333333335
19 23 0.25
19 24 0.39888833333333334
19 25 1.3819450000000002
19 26 1.2788883333333334
19 27 1.276945
19 28 1.1841666666666666
19 29 0.641945
19 30 0.42833333333333334
19 31 0.415555
19 32 1.4158333333333333
19 33 0.486945
19 34 0.17666666666666667
19 35 0.359445
19 36 0.6338883333333333
19 37 0.8522216666666667
19 38 0.8619450000000001
19 39 0.286945
19 40 0.4125
19 41 0.829445
19 42 1.0888883333333332
19 43 1.039445
19 44 1.0588883333333332
19 45 0.9275
19 46 0.9316666666666666
19 47 1.226945
19 48 0.9886116666666667
19 49 1.0927783333333332
19 50 1.033055
19 51 1.520555
20 0 0.07
20 1 2.2044449999999998
20 2 1.2891666666666666
20 3 1.2891666666666666
20 4 0.3972216666666667
20 5 2.08
20 6 2.014445
20 7 2.02
20 8 0.8533333333333334
20 9 0.9397216666666667
20 10 0.7747216666666666
20 11 2.060555
20 12 2.1058333333333334
20 13 1.2333333333333334
20 14 2.116111666666667
20 15 0.920555
20 16 1.9988883333333334
20 17 2.1633333333333336
20 18 1.07
20 19 0.955
20 20 -1
20 21 0.15027833333333335
20 22 2.0766666666666667
20 23 1.0986116666666668
20 24 0.8258333333333333
20 25 2.1477783333333336
20 26 2.0447216666666668
20 27 2.043055
20 28 0.301945
20 29 1.4077783333333334
20 30 0.911945
20 31 0.7908333333333334
20 32 2.1816666666666666
20 33 0.580555
20 34 1.1066666666666667
20 35 0.885555
20 36 1.4
20 37 1.6180549999999998
20 38 1.628055
20 39 1.0713883333333334
20 40 1.1783333333333335
20 41 1.595555
20 42 0.196945
20 43 0.18111166666666667
20 44 0.17888833333333334
20 45 1.6936116666666665
20 46 1.6977783333333332
20 47 0.460555
20 48 0.13027833333333333
20 49 0.12527833333333332
20 50 0.13388833333333333
20 51 2.2863883333333335
21 0 0.21777833333333335
21 1 2.1822216666666665
21 2 1.266945
21 3 1.266945
21 4 0.375
21 5 2.0577783333333333
21 6 1.9922216666666666
21 7 1.9974999999999998
21 8 0.8311116666666667
21 9 0.9172216666666666
21 10 0.7525
21 11 2.038333333333333
21 12 2.0836116666666666
21 13 1.2111116666666668
21 14 2.0936116666666664
21 15 0.8983333333333333
21 16 1.9766666666666666
21 17 2.1411116666666667
21 18 1.0477783333333333
21 19 0.9327783333333334
21 20 0.15388833333333332
21 21 -1
21 22 2.054445
21 23 1.0763883333333333
21 24 0.8036116666666667
21 25 2.125555
21 26 2.0225
21 27 2.0208333333333335
21 28 0.3652783333333333
21 29 1.385555
21 30 0.8897216666666666
21 31 0.7686116666666667
21 32 2.159445
21 33 0.5583333333333333
21 34 1.0844449999999999
21 35 0.8633333333333333
21 36 1.3777783333333333
21 37 1.5958333333333334
21 38 1.6058333333333332
21 39 1.0491666666666668
21 40 1.1561116666666666
21 41 1.5733333333333335
21 42 0.22583333333333336
21 43 0.15666666666666668
21 44 0.1761116666666667
21 45 1.6711116666666668
21 46 1.675555
21 47 0.43666666666666665
21 48 0.10583333333333332
21 49 0.2561116666666667
21 50 0.15027833333333335
21 51 2.2641666666666667
22 0 2.1633333333333336
22 1 0.551945
22 2 1.903055
22 3 1.903055
22 4 1.943055
22 5 0.4277783333333333
22 6 0.5288883333333333
22 7 0.5341666666666666
22 8 1.5066666666666668
22 9 1.5408333333333333
22 10 1.4694450000000001
22 11 0.5225000000000001
22 12 0.6202783333333334
22 13 0.9886116666666667
22 14 0.2575
22 15 1.5438883333333335
22 16 0.5252783333333333
22 17 0.31055499999999997
22 18 1.1936116666666665
22 19 1.3041666666666667
22 20 2.0994450000000002
22 21 2.085278333333333
22 22 -1
22 23 1.3308333333333333
22 24 1.5252783333333333
22 25 0.5213883333333333
22 26 0.5022216666666667
22 27 0.48222166666666666
22 28 2.3108333333333335
22 29 1.054445
22 30 1.5547216666666666
22 31 1.5422216666666666
22 32 0.5383333333333333
22 33 1.6133333333333333
22 34 1.4761116666666667
22 35 1.4841666666666666
22 36 1.0466666666666666
22 37 0.795555
22 38 0.5583333333333333
22 39 1.4883333333333333
22 40 1.034445
22 41 0.775555
22 42 2.215278333333333
22 43 2.165833333333333
22 44 2.1852783333333337
22 45 0.6277783333333333
22 46 0.628055
22 47 2.353333333333333
22 48 2.115
22 49 2.2191666666666667
22 50 2.159445
22 51 0.500555
23 0 1.1733333333333333
23 1 1.45
23 2 0.913055
23 3 0.913055
23 4 0.9530550000000001
23 5 1.325555
23 6 1.26
23 7 1.265555
23 8 0.516945
23 9 0.5511116666666667
23 10 0.479445
23 11 1.3061116666666666
23 12 1.3513883333333332
23 13 0.4788883333333333
23 14 1.3616666666666668
23 15 0.5538883333333333
23 16 1.244445
23 17 1.4088883333333333
23 18 0.23722166666666666
23 19 0.251945
23 20 1.109445
23 21 1.0952783333333334
23 22 1.3222216666666666
23 23 -1
23 24 0.5352783333333334
23 25 1.3933333333333333
23 26 1.2902783333333334
23 27 1.2886116666666667
23 28 1.3208333333333333
23 29 0.6533333333333334
23 30 0.5647216666666667
23 31 0.5522216666666666
23 32 1.4272216666666668
23 33 0.6233333333333333
23 34 0.4288883333333333
23 35 0.49444499999999997
23 36 0.645555
23 37 0.8636116666666667
23 38 0.8736116666666667
23 39 0.4563883333333333
23 40 0.4238883333333333
23 41 0.8411116666666667
23 42 1.2252783333333332
23 43 1.1758333333333333
23 44 1.1952783333333334
23 45 0.9391666666666667
23 46 0.9433333333333334
23 47 1.3633333333333333
23 48 1.125
23 49 1.2291666666666667
23 50 1.1697216666666668
23 51 1.5319450000000001
24 0 0.9066666666666666
24 1 1.6266666666666665
24 2 0.55
24 3 0.55
24 4 0.6861116666666667
24 5 1.5022216666666668
24 6 1.4366666666666668
24 7 1.4422216666666665
24 8 0.06972166666666667
24 9 0.3625
24 10 0.11638833333333333
24 11 1.4827783333333333
24 12 1.528055
24 13 0.655555
24 14 1.5383333333333333
24 15 0.19111166666666665
24 16 1.4211116666666668
24 17 1.585555
24 18 0.49222166666666667
24 19 0.3772216666666666
24 20 0.8427783333333333
24 21 0.8286116666666667
24 22 1.4988883333333334
24 23 0.5208333333333334
24 24 -1
24 25 1.57
24 26 1.466945
24 27 1.4652783333333335
24 28 1.0538883333333333
24 29 0.83
24 30 0.14
24 31 0.18388833333333335
24 32 1.6038883333333334
24 33 0.3563883333333333
24 34 0.434445
24 35 0.21333333333333335
24 36 0.8222216666666667
24 37 1.0402783333333334
24 38 1.0502783333333334
24 39 0.40861166666666665
24 40 0.600555
24 41 1.0177783333333332
24 42 0.9583333333333334
24 43 0.9088883333333333
24 44 0.9283333333333333
24 45 1.1158333333333335
24 46 1.12
24 47 1.0966666666666667
24 48 0.8583333333333333
24 49 0.9625
24 50 0.9027783333333333
24 51 1.7086116666666666
25 0 2.187221666666667
25 1 0.4813883333333333
25 2 1.926945
25 3 1.926945
25 4 1.966945
25 5 0.35694499999999996
25 6 0.301945
25 7 0.300555
25 8 1.5305549999999999
25 9 1.5647216666666668
25 10 1.4933333333333332
25 11 0.095555
25 12 0.391945
25 13 1.0202783333333334
25 14 0.5022216666666667
25 15 1.5677783333333333
25 16 0.45666666666666667
25 17 0.4475
25 18 1.2175
25 19 1.328055
25 20 2.1233333333333335
25 21 2.1091666666666664
25 22 0.5011116666666667
25 23 1.354445
25 24 1.5491666666666668
25 25 -1
25 26 0.20611166666666667
25 27 0.19749999999999998
25 28 2.334721666666667
25 29 1.0936116666666666
25 30 1.5786116666666667
25 31 1.5658333333333334
25 32 0.064445
25 33 1.6372216666666666
25 34 1.5
25 35 1.508055
25 36 1.0858333333333334
25 37 0.708055
25 38 0.608055
25 39 1.511945
25 40 1.080555
25 41 0.6883333333333332
25 42 2.2391666666666667
25 43 2.1897216666666663
25 44 2.209166666666667
25 45 0.6775
25 46 0.6777783333333333
25 47 2.3772216666666663
25 48 2.1388883333333335
25 49 2.243055
25 50 2.183333333333333
25 51 0.27861166666666665
26 0 2.0847216666666664
26 1 0.530555
26 2 1.824445
26 3 1.824445
26 4 1.864445
26 5 0.4061116666666667
26 6 0.29916666666666664
26 7 0.23277833333333334
26 8 1.4283333333333335
26 9 1.4625
26 10 1.3908333333333334
26 11 0.22472166666666665
26 12 0.418055
26 13 0.9177783333333333
26 14 0.475555
26 15 1.4652783333333335
26 16 0.32694500000000004
26 17 0.489445
26 18 1.115
26 19 1.225555
26 20 2.0208333333333335
26 21 2.006666666666667
26 22 0.4363883333333333
26 23 1.2522216666666668
26 24 1.4466666666666665
26 25 0.215
26 26 -1
26 27 0.11583333333333333
26 28 2.2322216666666668
26 29 0.9913883333333333
26 30 1.4761116666666667
26 31 1.4636116666666665
26 32 0.24888833333333332
26 33 1.5347216666666665
26 34 1.3975
26 35 1.4058333333333333
26 36 0.9833333333333333
26 37 0.6055550000000001
26 38 0.505555
26 39 1.4097216666666665
26 40 0.978055
26 41 0.5858333333333333
26 42 2.1366666666666663
26 43 2.0872216666666668
26 44 2.106666666666667
26 45 0.5752783333333333
26 46 0.5752783333333333
26 47 2.2747216666666668
26 48 2.0363883333333335
26 49 2.140555
26 50 2.0811116666666667
26 51 0.463055
27 0 2.129166666666667
27 1 0.5597216666666667
27 2 1.8686116666666666
27 3 1.8686116666666666
27 4 1.9086116666666666
27 5 0.43555499999999997
27 6 0.3283333333333333
27 7 0.261945
27 8 1.4725
27 9 1.5066666666666668
27 10 1.4352783333333332
27 11 0.198055
27 12 0.4475
27 13 0.9622216666666666
27 14 0.47833333333333333
27 15 1.5097216666666666
27 16 0.3922216666666667
27 17 0.5186116666666667
27 18 1.1591666666666667
27 19 1.27
27 20 2.0652783333333335
27 21 2.0511116666666664
27 22 0.4391666666666667
27 23 1.2963883333333333
27 24 1.4911116666666666
27 25 0.18861166666666668
27 26 0.060555000000000005
27 27 -1
27 28 2.2763883333333337
27 29 1.035555
27 30 1.520555
27 31 1.5077783333333334
27 32 0.2225
27 33 1.5791666666666666
27 34 1.441945
27 35 1.45
27 36 1.0277783333333332
27 37 0.65
27 38 0.55
27 39 1.4538883333333332
27 40 1.0222216666666666
27 41 0.63
27 42 2.181111666666667
27 43 2.131666666666667
27 44 2.1511116666666665
27 45 0.619445
27 46 0.6197216666666667
27 47 2.319166666666667
27 48 2.080833333333333
27 49 2.185
27 50 2.125278333333333
27 51 0.43666666666666665
28 0 0.358055
28 1 2.4327783333333333
28 2 1.5174999999999998
28 3 1.5174999999999998
28 4 0.625555
28 5 2.3086116666666663
28 6 2.243055
28 7 2.2483333333333335
28 8 1.0819450000000002
28 9 1.1680549999999998
28 10 1.0033333333333334
28 11 2.2891666666666666
28 12 2.334166666666667
28 13 1.461945
28 14 2.344445
28 15 1.1491666666666667
28 16 2.2275
28 17 2.3916666666666666
28 18 1.2983333333333333
28 19 1.1836116666666667
28 20 0.2936116666666667
28 21 0.3786116666666667
28 22 2.3052783333333333
28 23 1.3269449999999998
28 24 1.054445
28 25 2.3761116666666666
28 26 2.273055
28 27 2.2713883333333333
28 28 -1
28 29 1.6363883333333333
28 30 1.1402783333333335
28 31 1.0191666666666666
28 32 2.4099999999999997
28 33 0.8088883333333333
28 34 1.3352783333333333
28 35 1.1138883333333331
28 36 1.6283333333333334
28 37 1.8466666666666667
28 38 1.8563883333333335
28 39 1.2997216666666667
28 40 1.4066666666666667
28 41 1.8238883333333333
28 42 0.37083333333333335
28 43 0.41611166666666666
28 44 0.3783333333333333
28 45 1.921945
28 46 1.9261116666666667
28 47 0.5361116666666667
28 48 0.41027833333333336
28 49 0.3766666666666667
28 50 0.41388833333333336
28 51 -1
29 0 1.464445
29 1 1.1547216666666666
29 2 1.2041666666666666
29 3 1.2041666666666666
29 4 1.2441666666666669
29 5 1.0302783333333332
29 6 0.9647216666666666
29 7 0.9700000000000001
29 8 0.8077783333333334
29 9 0.841945
29 10 0.770555
29 11 1.0108333333333333
29 12 1.0558333333333334
29 13 0.24472166666666664
29 14 1.055
29 15 0.8450000000000001
29 16 0.941945
29 17 1.1136116666666667
29 18 0.49472166666666667
29 19 0.6052783333333333
29 20 1.400555
29 21 1.3863883333333333
29 22 1.015555
29 23 0.6316666666666666
29 24 0.8263883333333334
29 25 1.098055
29 26 0.995
29 27 0.993055
29 28 1.611945
29 29 -1
29 30 0.8558333333333333
29 31 0.843055
29 32 1.1319450000000002
29 33 0.9144450000000001
29 34 0.7772216666666666
29 35 0.7852783333333334
29 36 0.050278333333333335
29 37 0.5683333333333334
29 38 0.566945
29 39 0.7891666666666667
29 40 0.33277833333333334
29 41 0.5458333333333333
29 42 1.5163883333333332
29 43 1.466945
29 44 1.4863883333333334
29 45 0.6325000000000001
29 46 0.6366666666666667
29 47 1.654445
29 48 1.4161116666666667
29 49 1.5202783333333334
29 50 1.460555
29 51 1.2366666666666668
30 0 0.99
30 1 1.6577783333333334
30 2 0.45916666666666667
30 3 0.45916666666666667
30 4 0.7694449999999999
30 5 1.5333333333333334
30 6 1.4677783333333332
30 7 1.4733333333333334
30 8 0.17888833333333334
30 9 0.3722216666666667
30 10 0.149445
30 11 1.5138883333333333
30 12 1.5591666666666666
30 13 0.6866666666666668
30 14 1.5694450000000002
30 15 0.09361166666666666
30 16 1.4522216666666667
30 17 1.6166666666666667
30 18 0.5233333333333333
30 19 0.4083333333333333
30 20 0.9258333333333333
30 21 0.9116666666666667
30 22 1.53
30 23 0.551945
30 24 0.13
30 25 1.6011116666666667
30 26 1.4980550000000001
30 27 1.4963883333333332
30 28 1.1372216666666666
30 29 0.8611116666666666
30 30 -1
30 31 0.27638833333333335
30 32 1.635
30 33 0.4397216666666666
30 34 0.4472216666666667
30 35 0.218055
30 36 0.8533333333333334
30 37 1.0713883333333334
30 38 1.0813883333333334
30 39 0.456945
30 40 0.6316666666666666
30 41 1.0488883333333334
30 42 1.0416666666666667
30 43 0.9922216666666667
30 44 1.0116666666666667
30 45 1.1469449999999999
30 46 1.1511116666666665
30 47 1.1797216666666666
30 48 0.9416666666666667
30 49 1.045555
30 50 0.9861116666666666
30 51 1.7397216666666668
31 0 0.8233333333333334
31 1 1.6286116666666668
31 2 0.6516666666666667
31 3 0.6516666666666667
31 4 0.603055
31 5 1.5041666666666667
31 6 1.4386116666666666
31 7 1.4441666666666668
31 8 0.17361166666666666
31 9 0.36388833333333337
31 10 0.17138833333333334
31 11 1.4847216666666665
31 12 1.53
31 13 0.6575000000000001
31 14 1.5402783333333334
31 15 0.2675
31 16 1.4230550000000002
31 17 1.5875
31 18 0.49416666666666664
31 19 0.37916666666666665
31 20 0.7594449999999999
31 21 0.7452783333333334
31 22 1.5008333333333332
31 23 0.5227783333333333
31 24 0.16722166666666669
31 25 1.571945
31 26 1.4688883333333334
31 27 1.4672216666666666
31 28 0.9708333333333333
31 29 0.8319449999999999
31 30 0.27472166666666664
31 31 -1
31 32 1.6058333333333332
31 33 0.2733333333333333
31 34 0.466945
31 35 0.245555
31 36 0.8241666666666667
31 37 1.0422216666666666
31 38 1.0522216666666666
31 39 0.460555
31 40 0.6024999999999999
31 41 1.0197216666666666
31 42 0.8752783333333334
31 43 0.8258333333333333
31 44 0.8452783333333334
31 45 1.1177783333333333
31 46 1.121945
31 47 1.0133333333333332
31 48 0.775
31 49 0.8791666666666667
31 50 0.819445
31 51 1.710555
32 0 2.2747216666666668
32 1 0.5227783333333333
32 2 2.0141666666666667
32 3 2.0141666666666667
32 4 2.0541666666666667
32 5 0.3983333333333333
32 6 0.3786116666666667
32 7 0.3772216666666666
32 8 1.6180549999999998
32 9 1.6522216666666667
32 10 1.5808333333333333
32 11 0.16611166666666666
32 12 0.4686116666666667
32 13 1.1077783333333333
32 14 0.4813883333333333
32 15 1.6552783333333332
32 16 0.5252783333333333
32 17 0.486945
32 18 1.3047216666666666
32 19 1.4155550000000001
32 20 2.2108333333333334
32 21 2.1966666666666668
32 22 0.5222216666666667
32 23 1.441945
32 24 1.6366666666666667
32 25 0.09000000000000001
32 26 0.2575
32 27 0.24888833333333332
32 28 2.421945
32 29 1.1811116666666666
32 30 1.6661116666666667
32 31 1.6533333333333333
32 32 -1
32 33 1.7247216666666667
32 34 1.5875
32 35 1.595555
32 36 1.1733333333333333
32 37 0.795555
32 38 0.7041666666666667
32 39 1.599445
32 40 1.1802783333333333
32 41 0.775555
32 42 2.3266666666666667
32 43 2.2772216666666667
32 44 2.296666666666667
32 45 0.7736116666666667
32 46 0.7738883333333334
32 47 2.4647216666666667
32 48 2.2263883333333334
32 49 2.330555
32 50 2.2708333333333335
32 51 0.27472166666666664
33 0 0.653055
33 1 1.7397216666666668
33 2 0.8244450000000001
33 3 0.8244450000000001
33 4 0.4325
33 5 1.6152783333333334
33 6 1.5497216666666667
33 7 1.555
33 8 0.3886116666666667
33 9 0.47472166666666665
33 10 0.31
33 11 1.5958333333333334
33 12 1.6411116666666667
33 13 0.7686116666666667
33 14 1.6511116666666665
33 15 0.45583333333333337
33 16 1.5341666666666667
33 17 1.6986116666666669
33 18 0.6052783333333333
33 19 0.4902783333333333
33 20 0.5891666666666667
33 21 0.575
33 22 1.611945
33 23 0.6338883333333333
33 24 0.36111166666666666
33 25 1.683055
33 26 1.5799999999999998
33 27 1.5783333333333334
33 28 0.8002783333333333
33 29 0.943055
33 30 0.4472216666666667
33 31 0.3261116666666667
33 32 1.716945
33 33 -1
33 34 0.641945
33 35 0.42083333333333334
33 36 0.9352783333333333
33 37 1.1533333333333333
33 38 1.1633333333333333
33 39 0.6066666666666667
33 40 0.7136116666666666
33 41 1.1308333333333331
33 42 0.705
33 43 0.655555
33 44 0.675
33 45 1.2286116666666667
33 46 1.233055
33 47 0.843055
33 48 0.6047216666666666
33 49 0.7088883333333332
33 50 0.6491666666666667
33 51 1.8216666666666665
34 0 1.1869450000000001
34 1 1.5941666666666667
34 2 0.739445
34 3 0.739445
34 4 0.9663883333333333
34 5 1.47
34 6 1.404445
34 7 1.4097216666666665
34 8 0.4097216666666667
34 9 0.5525
34 10 0.4722216666666667
34 11 1.450555
34 12 1.495555
34 13 0.6233333333333333
34 14 1.5058333333333331
34 15 0.3938883333333333
34 16 1.3888883333333333
34 17 1.553055
34 18 0.4597216666666667
34 19 0.19611166666666666
34 20 1.1230550000000001
34 21 1.1088883333333333
34 22 1.4666666666666666
34 23 0.4277783333333333
34 24 0.4216666666666667
34 25 1.5375
34 26 1.434445
34 27 1.4327783333333335
34 28 1.3341666666666667
34 29 0.7977783333333334
34 30 0.45777833333333334
34 31 0.4683333333333334
34 32 1.5713883333333334
34 33 0.6369450000000001
34 34 -1
34 35 0.29333333333333333
34 36 0.7897216666666667
34 37 1.008055
34 38 1.0177783333333332
34 39 0.44277833333333333
34 40 0.568055
34 41 0.9852783333333334
34 42 1.2388883333333331
34 43 1.1894449999999999
34 44 1.2088883333333333
34 45 1.0833333333333333
34 46 1.0875
34 47 1.3769449999999999
34 48 1.1386116666666666
34 49 1.2427783333333333
34 50 1.183055
34 51 1.6763883333333331
35 0 0.98
35 1 1.609445
35 2 0.504445
35 3 0.504445
35 4 0.7597216666666667
35 5 1.4849999999999999
35 6 1.419445
35 7 1.4247216666666667
35 8 0.20277833333333334
35 9 0.345555
35 10 0.26527833333333334
35 11 1.465555
35 12 1.510555
35 13 0.6383333333333333
35 14 1.5208333333333333
35 15 0.16527833333333333
35 16 1.4038883333333334
35 17 1.5683333333333331
35 18 0.47472166666666665
35 19 0.3458333333333333
35 20 0.9161116666666668
35 21 0.901945
35 22 1.4816666666666667
35 23 0.5025
35 24 0.215
35 25 1.5527783333333334
35 26 1.4497216666666666
35 27 1.4477783333333332
35 28 1.1275000000000002
35 29 0.8127783333333334
35 30 0.236945
35 31 0.26138833333333333
35 32 1.5866666666666667
35 33 0.43
35 34 0.300555
35 35 -1
35 36 0.8049999999999999
35 37 1.023055
35 38 1.0327783333333334
35 39 0.44638833333333333
35 40 0.5833333333333334
35 41 1.0005549999999999
35 42 1.031945
35 43 0.9825
35 44 1.001945
35 45 1.0983333333333334
35 46 1.1025
35 47 1.1700000000000002
35 48 0.9316666666666666
35 49 1.0358333333333334
35 50 0.9761116666666666
35 51 1.6913883333333333
36 0 1.4661116666666667
36 1 1.1561116666666666
36 2 1.205555
36 3 1.205555
36 4 1.245555
36 5 1.0316666666666667
36 6 0.9661116666666667
36 7 0.9716666666666666
36 8 0.809445
36 9 0.8436116666666666
36 10 0.771945
36 11 1.0122216666666666
36 12 1.0575
36 13 0.24638833333333335
36 14 1.0563883333333333
36 15 0.8463883333333333
36 16 0.9433333333333334
36 17 1.115
36 18 0.4961116666666667
36 19 0.6066666666666667
36 20 1.4022216666666667
36 21 1.388055
36 22 1.0172216666666667
36 23 0.6333333333333333
36 24 0.8277783333333333
36 25 1.099445
36 26 0.9963883333333333
36 27 0.9947216666666667
36 28 1.6133333333333333
36 29 0.04777833333333333
36 30 0.8575
36 31 0.8447216666666667
36 32 1.1333333333333333
36 33 0.9158333333333334
36 34 0.7788883333333333
36 35 0.786945
36 36 -1
36 37 0.5697216666666667
36 38 0.5683333333333334
36 39 0.7908333333333334
36 40 0.334445
36 41 0.5472216666666667
36 42 1.5177783333333332
36 43 1.4683333333333333
36 44 1.4877783333333334
36 45 0.6338883333333333
36 46 0.6380549999999999
36 47 1.6561116666666666
36 48 1.4177783333333334
36 49 1.5219449999999999
36 50 1.4622216666666668
36 51 1.238055
37 0 1.6849999999999998
37 1 0.7813883333333334
37 2 1.424445
37 3 1.424445
37 4 1.464445
37 5 0.6572216666666667
37 6 0.5916666666666667
37 7 0.596945
37 8 1.0283333333333333
37 9 1.0625
37 10 0.9908333333333333
37 11 0.6377783333333333
37 12 0.6827783333333334
37 13 0.5177783333333333
37 14 0.8030550000000001
37 15 1.0652783333333333
37 16 0.5761116666666666
37 17 0.7402783333333333
37 18 0.715
37 19 0.8255549999999999
37 20 1.6211116666666667
37 21 1.606945
37 22 0.7638883333333334
37 23 0.8522216666666667
37 24 1.0466666666666666
37 25 0.7247216666666667
37 26 0.6216666666666666
37 27 0.62
37 28 1.8322216666666666
37 29 0.5913883333333333
37 30 1.0763883333333333
37 31 1.0636116666666666
37 32 0.7586116666666667
37 33 1.1347216666666666
37 34 0.9977783333333333
37 35 1.0058333333333334
37 36 0.5833333333333334
37 37 -1
37 38 0.5141666666666667
37 39 1.0097216666666666
37 40 0.5780550000000001
37 41 0.065
37 42 1.7366666666666668
37 43 1.6872216666666666
37 44 1.7066666666666668
37 45 0.4961116666666667
37 46 0.5197216666666666
37 47 1.875
37 48 1.6366666666666667
37 49 1.7408333333333335
37 50 1.6811116666666666
37 51 0.8633333333333333
38 0 1.7025000000000001
38 1 0.6963883333333333
38 2 1.441945
38 3 1.441945
38 4 1.481945
38 5 0.5719449999999999
38 6 0.5063883333333333
38 7 0.5116666666666666
38 8 1.0458333333333334
38 9 1.0799999999999998
38 10 1.0086116666666667
38 11 0.5525
38 12 0.5975
38 13 0.5277783333333333
38 14 0.5861116666666667
38 15 1.083055
38 16 0.47305499999999995
38 17 0.6391666666666667
38 18 0.7325
38 19 0.8433333333333334
38 20 1.6386116666666666
38 21 1.6244450000000001
38 22 0.5469449999999999
38 23 0.8697216666666667
38 24 1.064445
38 25 0.656945
38 26 0.5366666666666667
38 27 0.5347216666666667
38 28 1.8497216666666667
38 29 0.5936116666666666
38 30 1.0938883333333334
38 31 1.0811116666666665
38 32 0.6908333333333334
38 33 1.1525
38 34 1.0152783333333333
38 35 1.0233333333333332
38 36 0.5858333333333333
38 37 0.535555
38 38 -1
38 39 1.0272216666666667
38 40 0.5736116666666666
38 41 0.5127783333333333
38 42 1.754445
38 43 1.7049999999999998
38 44 1.724445
38 45 0.10916666666666666
38 46 0.11333333333333333
38 47 1.8924999999999998
38 48 1.6541666666666666
38 49 1.7583333333333333
38 50 1.6986116666666669
38 51 0.7783333333333334
39 0 1.1397216666666667
39 1 1.6227783333333332
39 2 0.8508333333333333
39 3 0.8508333333333333
39 4 0.9191666666666667
39 5 1.4983333333333335
39 6 1.4327783333333335
39 7 1.4380549999999999
39 8 0.3847216666666667
39 9 0.33916666666666667
39 10 0.445555
39 11 1.4788883333333334
39 12 1.5238883333333333
39 13 0.6516666666666667
39 14 1.5341666666666667
39 15 0.47833333333333333
39 16 1.4172216666666666
39 17 1.5816666666666668
39 18 0.488055
39 19 0.28722166666666665
39 20 1.0758333333333332
39 21 1.0616666666666668
39 22 1.495
39 23 0.450555
39 24 0.4152783333333333
39 25 1.5661116666666668
39 26 1.463055
39 27 1.4611116666666668
39 28 1.286945
39 29 0.8261116666666666
39 30 0.47638833333333336
39 31 0.440555
39 32 1.6
39 33 0.5897216666666666
39 34 0.42805499999999996
39 35 0.4461116666666667
39 36 0.818055
39 37 1.0363883333333335
39 38 1.0461116666666668
39 39 -1
39 40 0.5966666666666666
39 41 1.0136116666666666
39 42 1.1916666666666667
39 43 1.141945
39 44 1.1613883333333335
39 45 1.1116666666666668
39 46 1.1158333333333335
39 47 1.3297216666666667
39 48 1.0913883333333334
39 49 1.195555
39 50 1.1358333333333335
39 51 1.7047216666666667
40 0 1.2408333333333335
40 1 1.1491666666666667
40 2 0.9805550000000001
40 3 0.9805550000000001
40 4 1.020555
40 5 1.0247216666666668
40 6 0.9591666666666666
40 7 0.964445
40 8 0.584445
40 9 0.6186116666666667
40 10 0.5469449999999999
40 11 1.0052783333333333
40 12 1.0502783333333334
40 13 0.178055
40 14 1.0638883333333333
40 15 0.6213883333333333
40 16 0.9436116666666667
40 17 1.108055
40 18 0.2711116666666667
40 19 0.38166666666666665
40 20 1.176945
40 21 1.1627783333333332
40 22 1.0247216666666668
40 23 0.4083333333333333
40 24 0.6027783333333333
40 25 1.0925
40 26 0.989445
40 27 0.9875
40 28 1.3883333333333332
40 29 0.35138833333333336
40 30 0.6322216666666667
40 31 0.6197216666666667
40 32 1.1263883333333333
40 33 0.6908333333333334
40 34 0.5536116666666667
40 35 0.561945
40 36 0.3436116666666667
40 37 0.5627783333333334
40 38 0.5758333333333333
40 39 0.5658333333333334
40 40 -1
40 41 0.5399999999999999
40 42 1.2927783333333334
40 43 1.2433333333333332
40 44 1.2627783333333333
40 45 0.6413883333333333
40 46 0.645555
40 47 1.4308333333333332
40 48 1.1925
40 49 1.2966666666666666
40 50 1.2372216666666667
40 51 1.2311116666666666
41 0 1.670555
41 1 0.7627783333333333
41 2 1.41
41 3 1.41
41 4 1.45
41 5 0.6383333333333333
41 6 0.5727783333333334
41 7 0.5780550000000001
41 8 1.0138883333333333
41 9 1.048055
41 10 0.9763883333333333
41 11 0.6188883333333333
41 12 0.6641666666666667
41 13 0.5033333333333333
41 14 0.784445
41 15 1.0508333333333333
41 16 0.5572216666666667
41 17 0.7216666666666666
41 18 0.7005549999999999
41 19 0.8111116666666667
41 20 1.6063883333333335
41 21 1.5922216666666666
41 22 0.7452783333333334
41 23 0.8377783333333333
41 24 1.0322216666666668
41 25 0.7061116666666667
41 26 0.603055
41 27 0.6011116666666666
41 28 1.8177783333333333
41 29 0.576945
41 30 1.0619450000000001
41 31 1.0491666666666668
41 32 0.74
41 33 1.1202783333333335
41 34 0.983055
41 35 0.9913883333333333
41 36 0.5688883333333333
41 37 0.08333333333333333
41 38 0.5063883333333333
41 39 0.9952783333333334
41 40 0.5636116666666666
41 41 -1
41 42 1.7222216666666665
41 43 1.6727783333333333
41 44 1.6922216666666665
41 45 0.48833333333333334
41 46 0.5116666666666666
41 47 1.8602783333333333
41 48 1.6222216666666667
41 49 1.7261116666666667
41 50 1.6666666666666667
41 51 0.8447216666666667
42 0 0.2175
42 1 2.335555
42 2 1.4202783333333333
42 3 1.4202783333333333
42 4 0.5283333333333333
42 5 2.2113883333333333
42 6 2.1458333333333335
42 7 2.1511116666666665
42 8 0.9847216666666667
42 9 1.0708333333333333
42 10 0.9058333333333334
42 11 2.191666666666667
42 12 2.236945
42 13 1.3647216666666668
42 14 2.247221666666667
42 15 1.0516666666666667
42 16 2.13
42 17 2.294445
42 18 1.2011116666666666
42 19 1.0861116666666668
42 20 0.17972166666666667
42 21 0.21861166666666668
42 22 2.2080550000000003
42 23 1.2297216666666666
42 24 0.9569449999999999
42 25 2.2788883333333336
42 26 2.1758333333333337
42 27 2.1741666666666664
42 28 0.35694499999999996
42 29 1.5388883333333332
42 30 1.043055
42 31 0.9219449999999999
42 32 2.312778333333333
42 33 0.7116666666666667
42 34 1.2377783333333334
42 35 1.0166666666666666
42 36 1.5311116666666666
42 37 1.7491666666666668
42 38 1.7591666666666665
42 39 1.2025000000000001
42 40 1.309445
42 41 1.7266666666666666
42 42 -1
42 43 0.103055
42 44 0.065
42 45 1.8247216666666666
42 46 1.8288883333333332
42 47 0.35500000000000004
42 48 0.15472166666666667
42 49 0.08916666666666666
42 50 0.12972166666666665
42 51 2.4175
43 0 0.20944500000000002
43 1 2.2972216666666667
43 2 1.3819450000000002
43 3 1.3819450000000002
43 4 0.49
43 5 2.1727783333333335
43 6 2.1072216666666668
43 7 2.1127783333333334
43 8 0.9461116666666667
43 9 1.0325
43 10 0.8674999999999999
43 11 2.1533333333333333
43 12 2.1986116666666664
43 13 1.3261116666666666
43 14 2.2088883333333333
43 15 1.0133333333333332
43 16 2.091666666666667
43 17 2.256111666666667
43 18 1.1627783333333332
43 19 1.0477783333333333
43 20 0.19749999999999998
43 21 0.18027833333333335
43 22 2.169445
43 23 1.1913883333333333
43 24 0.9186116666666667
43 25 2.240555
43 26 2.1375
43 27 2.1358333333333333
43 28 0.374445
43 29 1.5005549999999999
43 30 1.0047216666666665
43 31 0.8836116666666667
43 32 2.274445
43 33 0.6733333333333333
43 34 1.199445
43 35 0.9783333333333334
43 36 1.4927783333333333
43 37 1.7108333333333334
43 38 1.7208333333333334
43 39 1.1641666666666666
43 40 1.2711116666666666
43 41 1.6883333333333332
43 42 0.07638833333333334
43 43 -1
43 44 0.02666666666666667
43 45 1.7863883333333335
43 46 1.7905550000000001
43 47 0.4313883333333333
43 48 0.11638833333333333
43 49 0.10666666666666667
43 50 0.09527833333333334
43 51 2.379166666666667
44 0 0.21388833333333332
44 1 2.2836116666666664
44 2 1.3683333333333332
44 3 1.3683333333333332
44 4 0.47638833333333336
44 5 2.1591666666666667
44 6 2.0936116666666664
44 7 2.0988883333333335
44 8 0.9325
44 9 1.0186116666666667
44 10 0.8538883333333334
44 11 2.1397216666666665
44 12 2.185
44 13 1.3125
44 14 2.195
44 15 0.9997216666666666
44 16 2.078055
44 17 2.2425
44 18 1.1491666666666667
44 19 1.0341666666666667
44 20 0.18583333333333335
44 21 0.16666666666666666
44 22 2.1558333333333333
44 23 1.1777783333333334
44 24 0.9049999999999999
44 25 2.226945
44 26 2.1238883333333334
44 27 2.1222216666666665
44 28 0.3627783333333333
44 29 1.486945
44 30 0.9911116666666667
44 31 0.87
44 32 2.2608333333333333
44 33 0.6597216666666667
44 34 1.1858333333333335
44 35 0.9647216666666666
44 36 1.4791666666666667
44 37 1.6972216666666666
44 38 1.7072216666666666
44 39 1.150555
44 40 1.2575
44 41 1.6747216666666667
44 42 0.06472166666666666
44 43 0.053055
44 44 -1
44 45 1.7725
44 46 1.776945
44 47 0.42
44 48 0.10277833333333333
44 49 0.095
44 50 0.10083333333333333
44 51 2.365555
45 0 1.759445
45 1 0.75
45 2 1.4988883333333334
45 3 1.4988883333333334
45 4 1.5388883333333332
45 5 0.625555
45 6 0.56
45 7 0.5652783333333333
45 8 1.1027783333333334
45 9 1.136945
45 10 1.0652783333333333
45 11 0.6061116666666667
45 12 0.6513883333333333
45 13 0.5847216666666667
45 14 0.6397216666666666
45 15 1.1397216666666667
45 16 0.5266666666666667
45 17 0.6927783333333333
45 18 0.7894450000000001
45 19 0.9
45 20 1.6952783333333334
45 21 1.6811116666666666
45 22 0.600555
45 23 0.9266666666666666
45 24 1.1211116666666667
45 25 0.7105549999999999
45 26 0.5902783333333333
45 27 0.5883333333333333
45 28 1.9066666666666667
45 29 0.650555
45 30 1.1508333333333334
45 31 1.138055
45 32 0.744445
45 33 1.2091666666666667
45 34 1.071945
45 35 1.0802783333333332
45 36 0.6425
45 37 0.5058333333333334
45 38 0.10583333333333332
45 39 1.0841666666666667
45 40 0.6302783333333333
45 41 0.48333333333333334
45 42 1.8111116666666667
45 43 1.7616666666666667
45 44 1.7811116666666666
45 45 -1
45 46 0.02333333333333333
45 47 1.9491666666666667
45 48 1.7111116666666668
45 49 1.8150000000000002
45 50 1.755555
45 51 0.8319449999999999
46 0 1.7611116666666669
46 1 0.755
46 2 1.5008333333333332
46 3 1.5008333333333332
46 4 1.5408333333333333
46 5 0.6308333333333334
46 6 0.5652783333333333
46 7 0.570555
46 8 1.1047216666666666
46 9 1.1388883333333333
46 10 1.0672216666666665
46 11 0.6111116666666666
46 12 0.6563883333333334
46 13 0.5866666666666667
46 14 0.645
46 15 1.1416666666666666
46 16 0.531945
46 17 0.6977783333333334
46 18 0.7913883333333334
46 19 0.901945
46 20 1.6972216666666666
46 21 1.683055
46 22 0.6058333333333333
46 23 0.9286116666666667
46 24 1.1230550000000001
46 25 0.715555
46 26 0.5952783333333334
46 27 0.5936116666666666
46 28 1.9086116666666666
46 29 0.6522216666666666
46 30 1.1525
46 31 1.1400000000000001
46 32 0.749445
46 33 1.2111116666666668
46 34 1.0738883333333333
46 35 1.0822216666666666
46 36 0.6444449999999999
46 37 0.5244449999999999
46 38 0.10777833333333334
46 39 1.0861116666666668
46 40 0.6322216666666667
46 41 0.501945
46 42 1.8130549999999999
46 43 1.7636116666666666
46 44 1.783055
46 45 0.018333333333333333
46 46 -1
46 47 1.9511116666666666
46 48 1.7127783333333333
46 49 1.816945
46 50 1.7575
46 51 0.836945
47 0 0.5161116666666666
47 1 2.4891666666666667
47 2 1.5738883333333333
47 3 1.5738883333333333
47 4 0.681945
47 5 2.365
47 6 2.299445
47 7 2.3047216666666666
47 8 1.1383333333333332
47 9 1.224445
47 10 1.059445
47 11 2.3452783333333334
47 12 2.390555
47 13 1.5183333333333333
47 14 2.4008333333333334
47 15 1.2052783333333332
47 16 2.2836116666666664
47 17 2.4480549999999996
47 18 1.3547216666666666
47 19 1.2397216666666668
47 20 0.4516666666666667
47 21 0.4363883333333333
47 22 2.3616666666666664
47 23 1.3833333333333333
47 24 1.1105550000000002
47 25 2.4324999999999997
47 26 2.3294449999999998
47 27 2.3277783333333333
47 28 0.5602783333333333
47 29 1.6925
47 30 1.1966666666666665
47 31 1.075555
47 32 2.4663883333333336
47 33 0.8652783333333333
47 34 1.3913883333333332
47 35 1.1702783333333333
47 36 1.6847216666666667
47 37 1.9027783333333335
47 38 1.9127783333333332
47 39 1.3561116666666666
47 40 1.463055
47 41 1.8802783333333333
47 42 0.3752783333333333
47 43 0.45527833333333334
47 44 0.440555
47 45 1.9783333333333333
47 46 1.9825000000000002
47 47 -1
47 48 0.43111166666666667
47 49 0.46472166666666664
47 50 0.4633333333333333
47 51 -1
48 0 0.17583333333333334
48 1 2.223055
48 2 1.3077783333333335
48 3 1.3077783333333335
48 4 0.41583333333333333
48 5 2.0986116666666668
48 6 2.033055
48 7 2.0386116666666667
48 8 0.871945
48 9 0.9583333333333334
48 10 0.7933333333333333
48 11 2.0791666666666666
48 12 2.124445
48 13 1.2519449999999999
48 14 2.1347216666666666
48 15 0.9391666666666667
48 16 2.0175
48 17 2.181945
48 18 1.0886116666666665
48 19 0.9736116666666667
48 20 0.17222166666666666
48 21 0.10611166666666666
48 22 2.0952783333333334
48 23 1.1172216666666666
48 24 0.844445
48 25 2.1663883333333334
48 26 2.0633333333333335
48 27 2.0616666666666665
48 28 0.4061116666666667
48 29 1.4263883333333331
48 30 0.930555
48 31 0.809445
48 32 2.200278333333333
48 33 0.5991666666666667
48 34 1.1252783333333334
48 35 0.9041666666666667
48 36 1.4186116666666666
48 37 1.6366666666666667
48 38 1.6466666666666667
48 39 1.09
48 40 1.196945
48 41 1.6141666666666665
48 42 0.11972166666666667
48 43 0.050555
48 44 0.07
48 45 1.7122216666666668
48 46 1.7163883333333334
48 47 0.3975
48 48 -1
48 49 0.15
48 50 0.07388833333333333
48 51 2.305
49 0 0.19166666666666668
49 1 2.3352783333333336
49 2 1.4200000000000002
49 3 1.4200000000000002
49 4 0.5280549999999999
49 5 2.2108333333333334
49 6 2.145278333333333
49 7 2.1505549999999998
49 8 0.9841666666666666
49 9 1.0702783333333334
49 10 0.905555
49 11 2.1913883333333337
49 12 2.2366666666666664
49 13 1.3641666666666665
49 14 2.246666666666667
49 15 1.0513883333333334
49 16 2.1297216666666667
49 17 2.294166666666667
49 18 1.2008333333333332
49 19 1.0858333333333334
49 20 0.15388833333333332
49 21 0.2647216666666667
49 22 2.2075
49 23 1.229445
49 24 0.9566666666666667
49 25 2.278611666666667
49 26 2.175555
49 27 2.173888333333333
49 28 0.3297216666666667
49 29 1.5386116666666667
49 30 1.0427783333333334
49 31 0.9216666666666666
49 32 2.3125
49 33 0.7113883333333334
49 34 1.2375
49 35 1.0163883333333332
49 36 1.5308333333333333
49 37 1.7488883333333334
49 38 1.7588883333333334
49 39 1.2022216666666667
49 40 1.3091666666666666
49 41 1.7263883333333332
49 42 0.10361166666666667
49 43 0.14916666666666664
49 44 0.11111166666666666
49 45 1.8241666666666667
49 46 1.8286116666666667
49 47 0.42305499999999996
49 48 0.20083333333333334
49 49 -1
49 50 0.1761116666666667
49 51 2.417221666666667
50 0 0.154445
50 1 2.2597216666666666
50 2 1.3441666666666667
50 3 1.3441666666666667
50 4 0.45222166666666663
50 5 2.1352783333333334
50 6 2.0697216666666667
50 7 2.075
50 8 0.9086116666666667
50 9 0.9947216666666667
50 10 0.83
50 11 2.1158333333333332
50 12 2.1608333333333336
50 13 1.2886116666666667
50 14 2.1711116666666666
50 15 0.9758333333333333
50 16 2.0541666666666667
50 17 2.218611666666667
50 18 1.125
50 19 1.0102783333333334
50 20 0.16527833333333333
50 21 0.14250000000000002
50 22 2.131945
50 23 1.1536116666666667
50 24 0.8811116666666667
50 25 2.203055
50 26 2.1
50 27 2.098055
50 28 0.42611166666666667
50 29 1.463055
50 30 0.9672216666666666
50 31 0.8461116666666667
50 32 2.236945
50 33 0.635555
50 34 1.161945
50 35 0.940555
50 36 1.4549999999999998
50 37 1.6733333333333333
50 38 1.683055
50 39 1.1266666666666665
50 40 1.2336116666666668
50 41 1.650555
50 42 0.13972166666666666
50 43 0.07055499999999999
50 44 0.09000000000000001
50 45 1.7486116666666667
50 46 1.7527783333333333
50 47 0.43555499999999997
50 48 0.07388833333333333
50 49 0.16999999999999998
50 50 -1
50 51 2.341666666666667
51 0 2.3269450000000003
51 1 0.5325
51 2 2.0663883333333333
51 3 2.0663883333333333
51 4 2.1063883333333333
51 5 0.4083333333333333
51 6 0.47305499999999995
51 7 0.471945
51 8 1.6702783333333333
51 9 1.704445
51 10 1.6327783333333334
51 11 0.329445
51 12 0.5633333333333332
51 13 1.1522216666666667
51 14 0.3383333333333333
51 15 1.7072216666666666
51 16 0.6091666666666666
51 17 0.3733333333333333
51 18 1.356945
51 19 1.4675
51 20 2.262778333333333
51 21 2.2486116666666667
51 22 0.415555
51 23 1.4941666666666669
51 24 1.6886116666666666
51 25 0.28500000000000003
51 26 0.45222166666666663
51 27 0.43083333333333335
51 28 2.4741666666666666
51 29 1.2180549999999999
51 30 1.7183333333333333
51 31 1.705555
51 32 0.25916666666666666
51 33 1.7766666666666666
51 34 1.6394449999999998
51 35 1.6477783333333333
51 36 1.21
51 37 0.8516666666666667
51 38 0.7216666666666666
51 39 1.6516666666666666
51 40 1.1977783333333332
51 41 0.8316666666666667
51 42 2.3786116666666666
51 43 2.3291666666666666
51 44 2.3486116666666663
51 45 0.7911116666666668
51 46 0.7913883333333334
51 47 -1
51 48 2.278611666666667
51 49 2.3825
51 50 2.3230549999999996
51 51 -1
;

param arc_distance :=
0 0 -1
0 1 256.277
0 2 104.603
0 3 104.603
0 4 33.499
0 5 245.877
0 6 234.544
0 7 234.394
0 8 91.473
0 9 106.452
0 10 85.36
0 11 238.977
0 12 244.886
0 13 144.122
0 14 249.05
0 15 96
0 16 224.298
0 17 250.704
0 18 121.385
0 19 107.017
0 20 1.546
0 21 4.715
0 22 244.787
0 23 117.47
0 24 86.812
0 25 235.593
0 26 232.882
0 27 232.289
0 28 16.385
0 29 157.304
0 30 89.639
0 31 83.758
0 32 236.244
0 33 62.262
0 34 108.792
0 35 96.842
0 36 157.795
0 37 189.168
0 38 193.677
0 39 107.145
0 40 138.327
0 41 187.6
0 42 4.125
0 43 3.265
0 44 3.539
0 45 196.756
0 46 196.624
0 47 16.358
0 48 4.623
0 49 4.041
0 50 2.275
0 51 246.528
1 0 256.965
1 1 -1
1 2 197.163
1 3 197.163
1 4 232.298
1 5 14.171
1 6 29.869
1 7 28.824
1 8 178.433
1 9 187.681
1 10 177.005
1 11 29.598
1 12 25.776
1 13 118.351
1 14 37.601
1 15 178.928
1 16 39.128
1 17 26.61
1 18 141.034
1 19 155.479
1 20 256.934
1 21 255.23
1 22 44.119
1 23 148.784
1 24 179.66
1 25 31.325
1 26 37.348
1 27 41.084
1 28 269.486
1 29 119.237
1 30 181.1
1 31 180.967
1 32 28.657
1 33 197.982
1 34 162.178
1 35 171.598
1 36 119.728
1 37 76.017
1 38 68.25
1 39 164.526
1 40 127.086
1 41 76.513
1 42 265.131
1 43 258.547
1 44 259.275
1 45 66.999
1 46 71.197
1 47 272.969
1 48 257.148
1 49 258.588
1 50 258.336
1 51 29.397
2 0 104.761
2 1 195.902
2 2 -1
2 3 -1
2 4 80.094
2 5 185.502
2 6 174.169
2 7 174.019
2 8 22.372
2 9 45.596
2 10 19.427
2 11 178.602
2 12 184.511
2 13 83.747
2 14 188.675
2 15 19.193
2 16 163.923
2 17 190.329
2 18 61.01
2 19 40.416
2 20 104.73
2 21 103.026
2 22 184.412
2 23 50.348
2 24 20.472
2 25 175.218
2 26 172.507
2 27 171.914
2 28 117.282
2 29 96.929
2 30 16.282
2 31 23.62
2 32 175.869
2 33 45.778
2 34 35.069
2 35 19.581
2 36 97.42
2 37 128.793
2 38 133.302
2 39 43.27
2 40 77.952
2 41 127.225
2 42 112.927
2 43 106.343
2 44 107.071
2 45 136.381
2 46 136.249
2 47 120.765
2 48 104.944
2 49 106.384
2 50 106.132
2 51 186.153
3 0 104.761
3 1 195.902
3 2 -1
3 3 -1
3 4 80.094
3 5 185.502
3 6 174.169
3 7 174.019
3 8 22.372
3 9 45.596
3 10 19.427
3 11 178.602
3 12 184.511
3 13 83.747
3 14 188.675
3 15 19.193
3 16 163.923
3 17 190.329
3 18 61.01
3 19 40.416
3 20 104.73
3 21 103.026
3 22 184.412
3 23 50.348
3 24 20.472
3 25 175.218
3 26 172.507
3 27 171.914
3 28 117.282
3 29 96.929
3 30 16.282
3 31 23.62
3 32 175.869
3 33 45.778
3 34 35.069
3 35 19.581
3 36 97.42
3 37 128.793
3 38 133.302
3 39 43.27
3 40 77.952
3 41 127.225
3 42 112.927
3 43 106.343
3 44 107.071
3 45 136.381
3 46 136.249
3 47 120.765
3 48 104.944
3 49 106.384
3 50 106.132
3 51 186.153
4 0 33.296
4 1 231.903
4 2 80.229
4 3 80.229
4 4 -1
4 5 221.503
4 6 210.17
4 7 210.02
4 8 67.099
4 9 82.078
4 10 60.986
4 11 214.603
4 12 220.512
4 13 119.748
4 14 224.676
4 15 71.626
4 16 199.924
4 17 226.33
4 18 97.011
4 19 82.643
4 20 33.265
4 21 31.561
4 22 220.413
4 23 93.096
4 24 62.438
4 25 211.219
4 26 208.508
4 27 207.915
4 28 45.817
4 29 132.93
4 30 65.265
4 31 59.384
4 32 211.87
4 33 37.888
4 34 84.418
4 35 72.468
4 36 133.421
4 37 164.794
4 38 169.303
4 39 82.771
4 40 113.953
4 41 163.226
4 42 41.462
4 43 34.878
4 44 35.606
4 45 172.382
4 46 172.25
4 47 49.3
4 48 33.479
4 49 34.919
4 50 34.667
4 51 222.154
5 0 246.856
5 1 13.332
5 2 187.054
5 3 187.054
5 4 222.189
5 5 -1
5 6 19.76
5 7 18.715
5 8 168.324
5 9 177.572
5 10 166.896
5 11 19.489
5 12 28.785
5 13 108.242
5 14 27.492
5 15 168.819
5 16 29.019
5 17 16.501
5 18 130.925
5 19 145.37
5 20 246.825
5 21 245.121
5 22 34.01
5 23 138.675
5 24 169.551
5 25 21.216
5 26 27.239
5 27 30.975
5 28 259.377
5 29 109.128
5 30 170.991
5 31 170.858
5 32 18.548
5 33 187.873
5 34 152.069
5 35 161.489
5 36 109.619
5 37 65.908
5 38 58.141
5 39 154.417
5 40 116.977
5 41 66.404
5 42 255.022
5 43 248.438
5 44 249.166
5 45 56.89
5 46 61.088
5 47 262.86
5 48 247.039
5 49 248.479
5 50 248.227
5 51 19.288
6 0 235.946
6 1 27.635
6 2 176.144
6 3 176.144
6 4 211.279
6 5 17.235
6 6 -1
6 7 2.51
6 8 157.414
6 9 166.662
6 10 155.986
6 11 10.781
6 12 12.787
6 13 97.332
6 14 36.968
6 15 157.909
6 16 17.919
6 17 25.977
6 18 120.015
6 19 134.46
6 20 235.915
6 21 234.211
6 22 40.505
6 23 127.765
6 24 158.641
6 25 12.508
6 26 8.937
6 27 10.901
6 28 248.467
6 29 98.218
6 30 160.081
6 31 159.948
6 32 13.126
6 33 176.963
6 34 141.159
6 35 150.579
6 36 98.709
6 37 54.998
6 38 47.231
6 39 143.507
6 40 106.067
6 41 55.494
6 42 244.112
6 43 237.528
6 44 238.256
6 45 45.98
6 46 50.178
6 47 251.95
6 48 236.129
6 49 237.569
6 50 237.317
6 51 15.522
7 0 235.276
7 1 27.82
7 2 175.474
7 3 175.474
7 4 210.609
7 5 17.42
7 6 2.14
7 7 -1
7 8 156.744
7 9 165.992
7 10 155.316
7 11 8.626
7 12 15.834
7 13 96.662
7 14 33.595
7 15 157.239
7 16 17.249
7 17 22.604
7 18 119.345
7 19 133.79
7 20 235.245
7 21 233.541
7 22 39.835
7 23 127.095
7 24 157.971
7 25 10.353
7 26 7.124
7 27 9.088
7 28 247.797
7 29 97.548
7 30 159.411
7 31 159.278
7 32 10.971
7 33 176.293
7 34 140.489
7 35 149.909
7 36 98.039
7 37 54.328
7 38 46.561
7 39 142.837
7 40 105.397
7 41 54.824
7 42 243.442
7 43 236.858
7 44 237.586
7 45 45.31
7 46 49.508
7 47 251.28
7 48 235.459
7 49 236.899
7 50 236.647
7 51 13.367
8 0 95.247
8 1 176.102
8 2 27.111
8 3 27.111
8 4 70.58
8 5 165.702
8 6 154.369
8 7 154.219
8 8 -1
8 9 25.796
8 10 10.717
8 11 158.802
8 12 164.711
8 13 63.947
8 14 168.875
8 15 7.654
8 16 144.123
8 17 170.529
8 18 41.21
8 19 26.842
8 20 95.216
8 21 93.512
8 22 164.612
8 23 37.295
8 24 2.561
8 25 155.418
8 26 152.707
8 27 152.114
8 28 107.768
8 29 77.129
8 30 9.24
8 31 12.282
8 32 156.069
8 33 36.264
8 34 21.668
8 35 9.718
8 36 77.62
8 37 108.993
8 38 113.502
8 39 19.56
8 40 58.152
8 41 107.425
8 42 103.413
8 43 96.829
8 44 97.557
8 45 116.581
8 46 116.449
8 47 111.251
8 48 95.43
8 49 96.87
8 50 96.618
8 51 166.353
9 0 105.392
9 1 187.426
9 2 45.218
9 3 45.218
9 4 80.725
9 5 177.026
9 6 165.693
9 7 165.543
9 8 26.488
9 9 -1
9 10 25.432
9 11 170.126
9 12 176.035
9 13 75.271
9 14 180.199
9 15 26.983
9 16 155.447
9 17 181.853
9 18 52.534
9 19 38.166
9 20 105.361
9 21 103.657
9 22 175.936
9 23 48.619
9 24 27.715
9 25 166.742
9 26 164.031
9 27 163.438
9 28 117.913
9 29 88.453
9 30 29.155
9 31 29.394
9 32 167.393
9 33 46.409
9 34 39.775
9 35 27.825
9 36 88.944
9 37 120.317
9 38 124.826
9 39 15.55
9 40 69.476
9 41 118.749
9 42 113.558
9 43 106.974
9 44 107.702
9 45 127.905
9 46 127.773
9 47 121.396
9 48 105.575
9 49 107.015
9 50 106.763
9 51 177.677
10 0 85.39
10 1 175.395
10 2 19.783
10 3 19.783
10 4 60.723
10 5 164.995
10 6 153.662
10 7 153.512
10 8 5.31
10 9 25.57
10 10 -1
10 11 158.095
10 12 164.004
10 13 63.24
10 14 168.168
10 15 7.73
10 16 143.416
10 17 169.822
10 18 40.503
10 19 26.135
10 20 85.359
10 21 83.655
10 22 163.905
10 23 36.588
10 24 2.768
10 25 154.711
10 26 152
10 27 151.407
10 28 97.911
10 29 76.422
10 30 4.819
10 31 5.985
10 32 155.362
10 33 26.407
10 34 27.91
10 35 15.96
10 36 76.913
10 37 108.286
10 38 112.795
10 39 26.263
10 40 57.445
10 41 106.718
10 42 93.556
10 43 86.972
10 44 87.7
10 45 115.874
10 46 115.742
10 47 101.394
10 48 85.573
10 49 87.013
10 50 86.761
10 51 165.646
11 0 237.95
11 1 28.473
11 2 178.148
11 3 178.148
11 4 213.283
11 5 18.073
11 6 11.24
11 7 8.871
11 8 159.418
11 9 168.666
11 10 157.99
11 11 -1
11 12 20.265
11 13 99.336
11 14 16.073
11 15 159.913
11 16 20.113
11 17 22.9
11 18 122.019
11 19 136.464
11 20 237.919
11 21 236.215
11 22 26.496
11 23 129.769
11 24 160.645
11 25 1.726
11 26 5.489
11 27 4.344
11 28 250.471
11 29 100.222
11 30 162.085
11 31 161.952
11 32 2.344
11 33 178.967
11 34 143.163
11 35 152.583
11 36 100.713
11 37 57.002
11 38 49.235
11 39 145.511
11 40 108.071
11 41 57.498
11 42 246.116
11 43 239.532
11 44 240.26
11 45 47.984
11 46 52.182
11 47 253.954
11 48 238.133
11 49 239.573
11 50 239.321
11 51 5.316
12 0 245.651
12 1 26.478
12 2 185.849
12 3 185.849
12 4 220.984
12 5 26.94
12 6 12.661
12 7 15.974
12 8 167.119
12 9 176.367
12 10 165.691
12 11 20.486
12 12 -1
12 13 107.037
12 14 46.673
12 15 167.614
12 16 17.264
12 17 35.682
12 18 129.72
12 19 144.165
12 20 245.62
12 21 243.916
12 22 50.21
12 23 137.47
12 24 168.346
12 25 22.213
12 26 24.642
12 27 26.606
12 28 258.172
12 29 107.923
12 30 169.786
12 31 169.653
12 32 22.831
12 33 186.668
12 34 150.864
12 35 160.284
12 36 108.414
12 37 64.703
12 38 56.936
12 39 153.212
12 40 115.772
12 41 65.199
12 42 253.817
12 43 247.233
12 44 247.961
12 45 55.685
12 46 59.883
12 47 261.655
12 48 245.834
12 49 247.274
12 50 247.022
12 51 25.227
13 0 144.841
13 1 116.373
13 2 85.039
13 3 85.039
13 4 120.174
13 5 105.973
13 6 94.64
13 7 94.49
13 8 66.309
13 9 75.557
13 10 64.881
13 11 99.073
13 12 104.982
13 13 -1
13 14 109.146
13 15 66.804
13 16 84.394
13 17 110.8
13 18 28.91
13 19 43.355
13 20 144.81
13 21 143.106
13 22 104.883
13 23 36.66
13 24 67.536
13 25 95.689
13 26 92.978
13 27 92.385
13 28 157.362
13 29 15.193
13 30 68.976
13 31 68.843
13 32 96.34
13 33 85.858
13 34 50.054
13 35 59.474
13 36 15.684
13 37 49.264
13 38 53.773
13 39 52.402
13 40 12.85
13 41 47.696
13 42 153.007
13 43 146.423
13 44 147.151
13 45 56.852
13 46 56.72
13 47 160.845
13 48 145.024
13 49 146.464
13 50 146.212
13 51 106.624
14 0 249.155
14 1 36.015
14 2 189.353
14 3 189.353
14 4 224.488
14 5 25.615
14 6 34.249
14 7 31.88
14 8 170.623
14 9 179.871
14 10 169.195
14 11 32.654
14 12 43.274
14 13 108.31
14 14 -1
14 15 171.118
14 16 41.374
14 17 13.585
14 18 133.224
14 19 147.669
14 20 249.124
14 21 247.42
14 22 12.644
14 23 140.974
14 24 171.85
14 25 14.207
14 26 33.348
14 27 16.059
14 28 261.676
14 29 110.783
14 30 173.29
14 31 173.157
14 32 13.615
14 33 190.172
14 34 154.368
14 35 163.788
14 36 111.274
14 37 76.649
14 38 58.323
14 39 156.716
14 40 116.21
14 41 77.145
14 42 257.321
14 43 250.737
14 44 251.465
14 45 57.072
14 46 61.27
14 47 265.159
14 48 249.338
14 49 250.778
14 50 250.526
14 51 10.403
15 0 97.538
15 1 178.393
15 2 19.133
15 3 19.133
15 4 72.871
15 5 167.993
15 6 156.66
15 7 156.51
15 8 6.093
15 9 28.087
15 10 7.314
15 11 161.093
15 12 167.002
15 13 66.238
15 14 171.166
15 15 -1
15 16 146.414
15 17 172.82
15 18 43.501
15 19 18.636
15 20 97.507
15 21 95.803
15 22 166.903
15 23 39.586
15 24 4.997
15 25 157.709
15 26 154.998
15 27 154.405
15 28 110.059
15 29 79.42
15 30 2.967
15 31 16.746
15 32 158.36
15 33 38.555
15 34 19.56
15 35 6.593
15 36 79.911
15 37 111.284
15 38 115.793
15 39 24.024
15 40 60.443
15 41 109.716
15 42 105.704
15 43 99.12
15 44 99.848
15 45 118.872
15 46 118.74
15 47 113.542
15 48 97.721
15 49 99.161
15 50 98.909
15 51 168.644
16 0 224.791
16 1 37.245
16 2 164.989
16 3 164.989
16 4 200.124
16 5 26.845
16 6 15.382
16 7 15.232
16 8 146.259
16 9 155.507
16 10 144.831
16 11 19.945
16 12 25.724
16 13 86.177
16 14 40.069
16 15 146.754
16 16 -1
16 17 31.672
16 18 108.86
16 19 123.305
16 20 224.76
16 21 223.056
16 22 35.806
16 23 116.61
16 24 147.486
16 25 18.152
16 26 13.85
16 27 14.848
16 28 237.312
16 29 87.063
16 30 148.926
16 31 148.793
16 32 18.803
16 33 165.808
16 34 130.004
16 35 139.424
16 36 87.554
16 37 43.843
16 38 35.257
16 39 132.352
16 40 93.144
16 41 44.339
16 42 232.957
16 43 226.373
16 44 227.101
16 45 34.006
16 46 38.204
16 47 240.795
16 48 224.974
16 49 226.414
16 50 226.162
16 51 27.496
17 0 249.616
17 1 25.61
17 2 189.814
17 3 189.814
17 4 224.949
17 5 15.21
17 6 23.844
17 7 21.475
17 8 171.084
17 9 180.332
17 10 169.656
17 11 22.249
17 12 32.869
17 13 111.002
17 14 15.114
17 15 171.579
17 16 31.779
17 17 -1
17 18 133.685
17 19 148.13
17 20 249.585
17 21 247.881
17 22 21.632
17 23 141.435
17 24 172.311
17 25 23.976
17 26 29.999
17 27 33.735
17 28 262.137
17 29 111.888
17 30 173.751
17 31 173.618
17 32 21.314
17 33 190.633
17 34 154.829
17 35 164.249
17 36 112.379
17 37 68.668
17 38 60.901
17 39 157.177
17 40 119.737
17 41 69.164
17 42 257.782
17 43 251.198
17 44 251.926
17 45 59.65
17 46 63.848
17 47 265.62
17 48 249.799
17 49 251.239
17 50 250.987
17 51 9.278
18 0 121.379
18 1 139.571
18 2 61.577
18 3 61.577
18 4 96.712
18 5 129.171
18 6 117.838
18 7 117.688
18 8 42.847
18 9 52.095
18 10 41.419
18 11 122.271
18 12 128.18
18 13 27.416
18 14 132.344
18 15 43.342
18 16 107.592
18 17 133.998
18 18 -1
18 19 19.893
18 20 121.348
18 21 119.644
18 22 128.081
18 23 10.807
18 24 44.074
18 25 118.887
18 26 116.176
18 27 115.583
18 28 133.9
18 29 40.598
18 30 45.514
18 31 45.381
18 32 119.538
18 33 62.396
18 34 26.592
18 35 36.012
18 36 41.089
18 37 72.462
18 38 76.971
18 39 28.94
18 40 21.621
18 41 70.894
18 42 129.545
18 43 122.961
18 44 123.689
18 45 80.05
18 46 79.918
18 47 137.383
18 48 121.562
18 49 123.002
18 50 122.75
18 51 129.822
19 0 106.383
19 1 155.07
19 2 46.581
19 3 46.581
19 4 81.716
19 5 144.67
19 6 133.337
19 7 133.187
19 8 27.851
19 9 37.099
19 10 26.423
19 11 137.77
19 12 143.679
19 13 42.915
19 14 147.843
19 15 28.346
19 16 123.091
19 17 149.497
19 18 18.453
19 19 -1
19 20 106.352
19 21 104.648
19 22 143.58
19 23 10.844
19 24 29.078
19 25 134.386
19 26 131.675
19 27 131.082
19 28 118.904
19 29 56.097
19 30 30.518
19 31 30.385
19 32 135.037
19 33 47.4
19 34 7.043
19 35 15.105
19 36 56.588
19 37 87.961
19 38 92.47
19 39 12.359
19 40 37.12
19 41 86.393
19 42 114.549
19 43 107.965
19 44 108.693
19 45 95.549
19 46 95.417
19 47 122.387
19 48 106.566
19 49 108.006
19 50 107.754
19 51 145.321
20 0 1.237
20 1 255.175
20 2 103.501
20 3 103.501
20 4 32.397
20 5 244.775
20 6 233.442
20 7 233.292
20 8 90.371
20 9 105.35
20 10 84.258
20 11 237.875
20 12 243.784
20 13 143.02
20 14 247.948
20 15 94.898
20 16 223.196
20 17 249.602
20 18 120.283
20 19 105.915
20 20 -1
20 21 8.023
20 22 243.685
20 23 116.368
20 24 85.71
20 25 234.491
20 26 231.78
20 27 231.187
20 28 15.283
20 29 156.202
20 30 88.537
20 31 82.656
20 32 235.142
20 33 61.16
20 34 107.69
20 35 95.74
20 36 156.693
20 37 188.066
20 38 192.575
20 39 106.043
20 40 137.225
20 41 186.498
20 42 5.262
20 43 6.087
20 44 4.668
20 45 195.654
20 46 195.522
20 47 23.394
20 48 4.688
20 49 2.839
20 50 4.178
20 51 245.426
21 0 8.482
21 1 253.325
21 2 101.651
21 3 101.651
21 4 30.547
21 5 242.925
21 6 231.592
21 7 231.442
21 8 88.521
21 9 103.5
21 10 82.408
21 11 236.025
21 12 241.934
21 13 141.17
21 14 246.098
21 15 93.048
21 16 221.346
21 17 247.752
21 18 118.433
21 19 104.065
21 20 8.451
21 21 -1
21 22 241.835
21 23 114.518
21 24 83.86
21 25 232.641
21 26 229.93
21 27 229.337
21 28 21.003
21 29 154.352
21 30 86.687
21 31 80.806
21 32 233.292
21 33 59.31
21 34 105.84
21 35 93.89
21 36 154.843
21 37 186.216
21 38 190.725
21 39 104.193
21 40 135.375
21 41 184.648
21 42 7.441
21 43 5.265
21 44 5.993
21 45 193.804
21 46 193.672
21 47 21.317
21 48 3.866
21 49 7.603
21 50 5.054
21 51 243.576
22 0 244.592
22 1 44.253
22 2 184.79
22 3 184.79
22 4 219.925
22 5 33.853
22 6 39.615
22 7 39.465
22 8 166.06
22 9 175.308
22 10 164.632
22 11 27.208
22 12 49.957
22 13 103.747
22 14 13.144
22 15 166.555
22 16 36.811
22 17 21.823
22 18 128.661
22 19 143.106
22 20 244.561
22 21 242.857
22 22 -1
22 23 136.411
22 24 167.287
22 25 26.891
22 26 28.785
22 27 26.674
22 28 257.113
22 29 106.22
22 30 168.727
22 31 168.594
22 32 16.334
22 33 185.609
22 34 149.805
22 35 159.225
22 36 106.711
22 37 72.086
22 38 53.76
22 39 152.153
22 40 111.647
22 41 72.582
22 42 252.758
22 43 246.174
22 44 246.902
22 45 52.509
22 46 56.707
22 47 260.596
22 48 244.775
22 49 246.215
22 50 245.963
22 51 14.214
23 0 117.253
23 1 147.725
23 2 57.451
23 3 57.451
23 4 92.586
23 5 137.325
23 6 125.992
23 7 125.842
23 8 38.721
23 9 47.969
23 10 37.293
23 11 130.425
23 12 136.334
23 13 35.57
23 14 140.498
23 15 39.216
23 16 115.746
23 17 142.152
23 18 10.964
23 19 12.159
23 20 117.222
23 21 115.518
23 22 136.235
23 23 -1
23 24 39.948
23 25 127.041
23 26 124.33
23 27 123.737
23 28 129.774
23 29 48.752
23 30 41.388
23 31 41.255
23 32 127.692
23 33 58.27
23 34 19.203
23 35 31.886
23 36 49.243
23 37 80.616
23 38 85.125
23 39 21.706
23 40 29.775
23 41 79.048
23 42 125.419
23 43 118.835
23 44 119.563
23 45 88.204
23 46 88.072
23 47 133.257
23 48 117.436
23 49 118.876
23 50 118.624
23 51 137.976
24 0 87.102
24 1 177.107
24 2 20.171
24 3 20.171
24 4 62.435
24 5 166.707
24 6 155.374
24 7 155.224
24 8 2.539
24 9 28.153
24 10 2.93
24 11 159.807
24 12 165.716
24 13 64.952
24 14 169.88
24 15 6.648
24 16 145.128
24 17 171.534
24 18 42.215
24 19 27.847
24 20 87.071
24 21 85.367
24 22 165.617
24 23 38.3
24 24 -1
24 25 156.423
24 26 153.712
24 27 153.119
24 28 99.623
24 29 78.134
24 30 4.229
24 31 11.541
24 32 157.074
24 33 28.119
24 34 25.219
24 35 13.269
24 36 78.625
24 37 109.998
24 38 114.507
24 39 19.228
24 40 59.157
24 41 108.43
24 42 95.268
24 43 88.684
24 44 89.412
24 45 117.586
24 46 117.454
24 47 103.106
24 48 87.285
24 49 88.725
24 50 88.473
24 51 167.358
25 0 239.528
25 1 30.051
25 2 179.726
25 3 179.726
25 4 214.861
25 5 19.651
25 6 12.818
25 7 10.449
25 8 160.996
25 9 170.244
25 10 159.568
25 11 1.671
25 12 21.843
25 13 100.914
25 14 13.964
25 15 161.491
25 16 16.776
25 17 12.192
25 18 123.597
25 19 138.042
25 20 239.497
25 21 237.793
25 22 26.108
25 23 131.347
25 24 162.223
25 25 -1
25 26 5.101
25 27 3.956
25 28 252.049
25 29 101.8
25 30 163.663
25 31 163.53
25 32 0.955
25 33 180.545
25 34 144.741
25 35 154.161
25 36 102.291
25 37 58.58
25 38 50.813
25 39 147.089
25 40 109.649
25 41 59.076
25 42 247.694
25 43 241.11
25 44 241.838
25 45 49.562
25 46 53.76
25 47 255.532
25 48 239.711
25 49 241.151
25 50 240.899
25 51 4.516
26 0 230.168
26 1 36.365
26 2 170.366
26 3 170.366
26 4 205.501
26 5 25.965
26 6 9.544
26 7 7.095
26 8 151.636
26 9 160.884
26 10 150.208
26 11 5.946
26 12 25.092
26 13 91.554
26 14 33.803
26 15 152.131
26 16 12.779
26 17 30.792
26 18 114.237
26 19 128.682
26 20 230.137
26 21 228.433
26 22 29.54
26 23 121.987
26 24 152.863
26 25 5.629
26 26 -1
26 27 2.544
26 28 242.689
26 29 92.44
26 30 154.303
26 31 154.17
26 32 6.28
26 33 171.185
26 34 135.381
26 35 144.801
26 36 92.931
26 37 49.22
26 38 41.453
26 39 137.729
26 40 100.289
26 41 49.716
26 42 238.334
26 43 231.75
26 44 232.478
26 45 40.202
26 46 44.4
26 47 246.172
26 48 230.351
26 49 231.791
26 50 231.539
26 51 9.841
27 0 231.559
27 1 37.265
27 2 171.757
27 3 171.757
27 4 206.892
27 5 26.865
27 6 10.444
27 7 7.995
27 8 153.027
27 9 162.275
27 10 151.599
27 11 4.499
27 12 25.992
27 13 92.945
27 14 32.298
27 15 153.522
27 16 14.713
27 17 31.692
27 18 115.628
27 19 130.073
27 20 231.528
27 21 229.824
27 22 28.035
27 23 123.378
27 24 154.254
27 25 4.182
27 26 1.563
27 27 -1
27 28 244.08
27 29 93.831
27 30 155.694
27 31 155.561
27 32 4.833
27 33 172.576
27 34 136.772
27 35 146.192
27 36 94.322
27 37 50.611
27 38 42.844
27 39 139.12
27 40 101.68
27 41 51.107
27 42 239.725
27 43 233.141
27 44 233.869
27 45 41.593
27 46 45.791
27 47 247.563
27 48 231.742
27 49 233.182
27 50 232.93
27 51 8.394
28 0 15.829
28 1 268.016
28 2 116.342
28 3 116.342
28 4 45.238
28 5 257.616
28 6 246.283
28 7 246.133
28 8 103.212
28 9 118.191
28 10 97.099
28 11 250.716
28 12 256.625
28 13 155.861
28 14 260.789
28 15 107.739
28 16 236.037
28 17 262.443
28 18 133.124
28 19 118.756
28 20 14.658
28 21 20.864
28 22 256.526
28 23 129.209
28 24 98.551
28 25 247.332
28 26 244.621
28 27 244.028
28 28 -1
28 29 169.043
28 30 101.378
28 31 95.497
28 32 247.983
28 33 74.001
28 34 120.531
28 35 108.581
28 36 169.534
28 37 200.907
28 38 205.416
28 39 118.884
28 40 150.066
28 41 199.339
28 42 14.575
28 43 15.398
28 44 14.785
28 45 208.495
28 46 208.363
28 47 24.983
28 48 19.863
28 49 14.29
28 50 19.353
28 51 -1
29 0 157.338
29 1 117.747
29 2 97.536
29 3 97.536
29 4 132.671
29 5 107.347
29 6 96.014
29 7 95.864
29 8 78.806
29 9 88.054
29 10 77.378
29 11 100.447
29 12 106.356
29 13 14.442
29 14 110.155
29 15 79.301
29 16 86.986
29 17 112.174
29 18 41.407
29 19 55.852
29 20 157.307
29 21 155.603
29 22 105.892
29 23 49.157
29 24 80.033
29 25 97.063
29 26 94.352
29 27 93.759
29 28 169.859
29 29 -1
29 30 81.473
29 31 81.34
29 32 97.714
29 33 98.355
29 34 62.551
29 35 71.971
29 36 0.983
29 37 50.638
29 38 54.782
29 39 64.899
29 40 24.252
29 41 49.07
29 42 165.504
29 43 158.92
29 44 159.648
29 45 57.861
29 46 57.729
29 47 173.342
29 48 157.521
29 49 158.961
29 50 158.709
29 51 107.998
30 0 89.705
30 1 179.679
30 2 16.19
30 3 16.19
30 4 65.038
30 5 169.279
30 6 157.946
30 7 157.796
30 8 6.356
30 9 29.373
30 10 4.371
30 11 162.379
30 12 168.288
30 13 67.524
30 14 172.452
30 15 2.972
30 16 147.7
30 17 174.106
30 18 44.787
30 19 30.419
30 20 89.674
30 21 87.97
30 22 168.189
30 23 40.872
30 24 4.456
30 25 158.995
30 26 156.284
30 27 155.691
30 28 102.226
30 29 80.706
30 30 -1
30 31 8.564
30 32 159.646
30 33 30.722
30 34 22.258
30 35 9.445
30 36 81.197
30 37 112.57
30 38 117.079
30 39 25.997
30 40 61.729
30 41 111.002
30 42 97.871
30 43 91.287
30 44 92.015
30 45 120.158
30 46 120.026
30 47 105.709
30 48 89.888
30 49 91.328
30 50 91.076
30 51 169.93
31 0 81.536
31 1 179.426
31 2 23.258
31 3 23.258
31 4 56.869
31 5 169.026
31 6 157.693
31 7 157.543
31 8 12.165
31 9 29.601
31 10 7.427
31 11 162.126
31 12 168.035
31 13 67.271
31 14 172.199
31 15 16.922
31 16 147.447
31 17 173.853
31 18 44.534
31 19 30.166
31 20 81.505
31 21 79.801
31 22 167.936
31 23 40.619
31 24 11.41
31 25 158.742
31 26 156.031
31 27 155.438
31 28 94.057
31 29 80.453
31 30 8.294
31 31 -1
31 32 159.393
31 33 22.553
31 34 30.936
31 35 18.986
31 36 80.944
31 37 112.317
31 38 116.826
31 39 25.342
31 40 61.476
31 41 110.749
31 42 89.702
31 43 83.118
31 44 83.846
31 45 119.905
31 46 119.773
31 47 97.54
31 48 81.719
31 49 83.159
31 50 82.907
31 51 169.677
32 0 236.688
32 1 28.432
32 2 176.886
32 3 176.886
32 4 212.021
32 5 18.032
32 6 14.532
32 7 12.163
32 8 158.156
32 9 167.404
32 10 156.728
32 11 3.291
32 12 23.557
32 13 98.074
32 14 13.317
32 15 158.651
32 16 20.465
32 17 10.505
32 18 120.757
32 19 135.202
32 20 236.657
32 21 234.953
32 22 25.075
32 23 128.507
32 24 159.383
32 25 1.476
32 26 6.245
32 27 5.1
32 28 249.209
32 29 98.96
32 30 160.823
32 31 160.69
32 32 -1
32 33 177.705
32 34 141.901
32 35 151.321
32 36 99.451
32 37 55.74
32 38 39.631
32 39 144.249
32 40 97.518
32 41 56.236
32 42 244.854
32 43 238.27
32 44 238.998
32 45 38.38
32 46 42.578
32 47 252.692
32 48 236.871
32 49 238.311
32 50 238.059
32 51 4.167
33 0 61.917
33 1 197.86
33 2 46.186
33 3 46.186
33 4 37.25
33 5 187.46
33 6 176.127
33 7 175.977
33 8 33.056
33 9 48.035
33 10 26.943
33 11 180.56
33 12 186.469
33 13 85.705
33 14 190.633
33 15 37.583
33 16 165.881
33 17 192.287
33 18 62.968
33 19 48.6
33 20 61.886
33 21 60.182
33 22 186.37
33 23 59.053
33 24 28.395
33 25 177.176
33 26 174.465
33 27 173.872
33 28 74.438
33 29 98.887
33 30 31.222
33 31 25.341
33 32 177.827
33 33 -1
33 34 50.375
33 35 38.425
33 36 99.378
33 37 130.751
33 38 135.26
33 39 48.728
33 40 79.91
33 41 129.183
33 42 70.083
33 43 63.499
33 44 64.227
33 45 138.339
33 46 138.207
33 47 77.921
33 48 62.1
33 49 63.54
33 50 63.288
33 51 188.111
34 0 109.418
34 1 161.642
34 2 35.488
34 3 35.488
34 4 84.751
34 5 151.242
34 6 139.909
34 7 139.759
34 8 23.018
34 9 39.967
34 10 26.888
34 11 144.342
34 12 150.251
34 13 49.487
34 14 154.415
34 15 19.438
34 16 129.663
34 17 156.069
34 18 26.75
34 19 7.302
34 20 109.387
34 21 107.683
34 22 150.152
34 23 23.443
34 24 23.971
34 25 140.958
34 26 138.247
34 27 137.654
34 28 121.939
34 29 62.669
34 30 22.46
34 31 30.363
34 32 141.609
34 33 50.435
34 34 -1
34 35 12.879
34 36 63.16
34 37 94.533
34 38 99.042
34 39 18.931
34 40 43.692
34 41 92.965
34 42 117.584
34 43 111
34 44 111.728
34 45 102.121
34 46 101.989
34 47 125.422
34 48 109.601
34 49 111.041
34 50 110.789
34 51 151.893
35 0 97.668
35 1 170.995
35 2 21.079
35 3 21.079
35 4 73.001
35 5 160.595
35 6 149.262
35 7 149.112
35 8 11.268
35 9 28.217
35 10 15.138
35 11 153.695
35 12 159.604
35 13 58.84
35 14 163.768
35 15 6.898
35 16 139.016
35 17 165.422
35 18 36.103
35 19 14.655
35 20 97.637
35 21 95.933
35 22 159.505
35 23 29.272
35 24 12.221
35 25 150.311
35 26 147.6
35 27 147.007
35 28 110.189
35 29 72.022
35 30 9.745
35 31 18.613
35 32 150.962
35 33 38.685
35 34 13.993
35 35 -1
35 36 72.513
35 37 103.886
35 38 108.395
35 39 21.144
35 40 53.045
35 41 102.318
35 42 105.834
35 43 99.25
35 44 99.978
35 45 111.474
35 46 111.342
35 47 113.672
35 48 97.851
35 49 99.291
35 50 99.039
35 51 161.246
36 0 157.767
36 1 118.176
36 2 97.965
36 3 97.965
36 4 133.1
36 5 107.776
36 6 96.443
36 7 96.293
36 8 79.235
36 9 88.483
36 10 77.807
36 11 100.876
36 12 106.785
36 13 14.871
36 14 110.584
36 15 79.73
36 16 87.415
36 17 112.603
36 18 41.836
36 19 56.281
36 20 157.736
36 21 156.032
36 22 106.321
36 23 49.586
36 24 80.462
36 25 97.492
36 26 94.781
36 27 94.188
36 28 170.288
36 29 1.143
36 30 81.902
36 31 81.769
36 32 98.143
36 33 98.784
36 34 62.98
36 35 72.4
36 36 -1
36 37 51.067
36 38 55.211
36 39 65.328
36 40 24.681
36 41 49.499
36 42 165.933
36 43 159.349
36 44 160.077
36 45 58.29
36 46 58.158
36 47 173.771
36 48 157.95
36 49 159.39
36 50 159.138
36 51 108.427
37 0 189.038
37 1 74.951
37 2 129.236
37 3 129.236
37 4 164.371
37 5 64.551
37 6 53.218
37 7 53.068
37 8 110.506
37 9 119.754
37 10 109.078
37 11 57.651
37 12 63.56
37 13 50.424
37 14 76.184
37 15 111.001
37 16 42.972
37 17 69.378
37 18 73.107
37 19 87.552
37 20 189.007
37 21 187.303
37 22 71.921
37 23 80.857
37 24 111.733
37 25 54.267
37 26 51.556
37 27 50.963
37 28 201.559
37 29 51.31
37 30 113.173
37 31 113.04
37 32 54.918
37 33 130.055
37 34 94.251
37 35 103.671
37 36 51.801
37 37 -1
37 38 29.653
37 39 96.599
37 40 59.159
37 41 2.689
37 42 197.204
37 43 190.62
37 44 191.348
37 45 26.688
37 46 27.242
37 47 205.042
37 48 189.221
37 49 190.661
37 50 190.409
37 51 65.202
38 0 193.237
38 1 67.438
38 2 133.435
38 3 133.435
38 4 168.57
38 5 57.038
38 6 45.705
38 7 45.555
38 8 114.705
38 9 123.953
38 10 113.277
38 11 50.138
38 12 56.047
38 13 52.392
38 14 58.204
38 15 115.2
38 16 35.035
38 17 66.883
38 18 77.306
38 19 91.751
38 20 193.206
38 21 191.502
38 22 53.941
38 23 85.056
38 24 115.932
38 25 38.242
38 26 44.043
38 27 43.45
38 28 205.758
38 29 54.865
38 30 117.372
38 31 117.239
38 32 38.893
38 33 134.254
38 34 98.45
38 35 107.87
38 36 55.356
38 37 29.78
38 38 -1
38 39 100.798
38 40 60.292
38 41 28.212
38 42 201.403
38 43 194.819
38 44 195.547
38 45 3.908
38 46 3.776
38 47 209.241
38 48 193.42
38 49 194.86
38 50 194.608
38 51 57.689
39 0 106.388
39 1 164.014
39 2 43.646
39 3 43.646
39 4 81.721
39 5 153.614
39 6 142.281
39 7 142.131
39 8 19.432
39 9 14.658
39 10 26.428
39 11 146.714
39 12 152.623
39 13 51.859
39 14 156.787
39 15 24.189
39 16 132.035
39 17 158.441
39 18 29.122
39 19 12.256
39 20 106.357
39 21 104.653
39 22 152.524
39 23 20.104
39 24 20.962
39 25 143.33
39 26 140.619
39 27 140.026
39 28 118.909
39 29 65.041
39 30 25.775
39 31 25.841
39 32 143.981
39 33 47.405
39 34 18.808
39 35 20.943
39 36 65.532
39 37 96.905
39 38 101.414
39 39 -1
39 40 46.064
39 41 95.337
39 42 114.554
39 43 107.97
39 44 108.698
39 45 104.493
39 46 104.361
39 47 122.392
39 48 106.571
39 49 108.011
39 50 107.759
39 51 154.265
40 0 137.825
40 1 124.947
40 2 78.023
40 3 78.023
40 4 113.158
40 5 114.547
40 6 103.214
40 7 103.064
40 8 59.293
40 9 68.541
40 10 57.865
40 11 107.647
40 12 113.556
40 13 12.792
40 14 116.055
40 15 59.788
40 16 92.968
40 17 119.374
40 18 21.894
40 19 36.339
40 20 137.794
40 21 136.09
40 22 111.792
40 23 29.644
40 24 60.52
40 25 104.263
40 26 101.552
40 27 100.959
40 28 150.346
40 29 24.603
40 30 61.96
40 31 61.827
40 32 104.914
40 33 78.842
40 34 43.038
40 35 52.458
40 36 25.094
40 37 57.838
40 38 60.682
40 39 45.386
40 40 -1
40 41 56.27
40 42 145.991
40 43 139.407
40 44 140.135
40 45 63.761
40 46 63.629
40 47 153.829
40 48 138.008
40 49 139.448
40 50 139.196
40 51 115.198
41 0 187.23
41 1 73.69
41 2 127.428
41 3 127.428
41 4 162.563
41 5 63.29
41 6 51.957
41 7 51.807
41 8 108.698
41 9 117.946
41 10 107.27
41 11 56.39
41 12 62.299
41 13 48.616
41 14 74.923
41 15 109.193
41 16 41.711
41 17 68.117
41 18 71.299
41 19 85.744
41 20 187.199
41 21 185.495
41 22 70.66
41 23 79.049
41 24 109.925
41 25 53.006
41 26 50.295
41 27 49.702
41 28 199.751
41 29 49.502
41 30 111.365
41 31 111.232
41 32 53.657
41 33 128.247
41 34 92.443
41 35 101.863
41 36 49.993
41 37 3.506
41 38 28.564
41 39 94.791
41 40 57.351
41 41 -1
41 42 195.396
41 43 188.812
41 44 189.54
41 45 25.599
41 46 26.153
41 47 203.234
41 48 187.413
41 49 188.853
41 50 188.601
41 51 63.941
42 0 5.295
42 1 259.052
42 2 107.378
42 3 107.378
42 4 36.274
42 5 248.652
42 6 237.319
42 7 237.169
42 8 94.248
42 9 109.227
42 10 88.135
42 11 241.752
42 12 247.661
42 13 146.897
42 14 251.825
42 15 98.775
42 16 227.073
42 17 253.479
42 18 124.16
42 19 109.792
42 20 4.67
42 21 7.165
42 22 247.562
42 23 120.245
42 24 89.587
42 25 238.368
42 26 235.657
42 27 235.064
42 28 14.67
42 29 160.079
42 30 92.414
42 31 86.533
42 32 239.019
42 33 65.037
42 34 111.567
42 35 99.617
42 36 160.57
42 37 191.943
42 38 196.452
42 39 109.92
42 40 141.102
42 41 190.375
42 42 -1
42 43 2.427
42 44 1.814
42 45 199.531
42 46 199.399
42 47 12.232
42 48 5.112
42 49 1.805
42 50 3.349
42 51 249.303
43 0 4.967
43 1 257.9
43 2 106.226
43 3 106.226
43 4 35.122
43 5 247.5
43 6 236.167
43 7 236.017
43 8 93.096
43 9 108.075
43 10 86.983
43 11 240.6
43 12 246.509
43 13 145.745
43 14 250.673
43 15 97.623
43 16 225.921
43 17 252.327
43 18 123.008
43 19 108.64
43 20 5.137
43 21 6.013
43 22 246.41
43 23 119.093
43 24 88.435
43 25 237.216
43 26 234.505
43 27 233.912
43 28 15.137
43 29 158.927
43 30 91.262
43 31 85.381
43 32 237.867
43 33 63.885
43 34 110.415
43 35 98.465
43 36 159.418
43 37 190.791
43 38 195.3
43 39 108.768
43 40 139.95
43 41 189.223
43 42 2.11
43 43 -1
43 44 0.662
43 45 198.379
43 46 198.247
43 47 14.343
43 48 3.96
43 49 2.272
43 50 2.477
43 51 248.151
44 0 5.43
44 1 257.606
44 2 105.932
44 3 105.932
44 4 34.828
44 5 247.206
44 6 235.873
44 7 235.723
44 8 92.802
44 9 107.781
44 10 86.689
44 11 240.306
44 12 246.215
44 13 145.451
44 14 250.379
44 15 97.329
44 16 225.627
44 17 252.033
44 18 122.714
44 19 108.346
44 20 4.906
44 21 5.719
44 22 246.116
44 23 118.799
44 24 88.141
44 25 236.922
44 26 234.211
44 27 233.618
44 28 14.906
44 29 158.633
44 30 90.968
44 31 85.087
44 32 237.573
44 33 63.591
44 34 110.121
44 35 98.171
44 36 159.124
44 37 190.497
44 38 195.006
44 39 108.474
44 40 139.656
44 41 188.929
44 42 1.879
44 43 1.044
44 44 -1
44 45 198.085
44 46 197.953
44 47 14.112
44 48 3.666
44 49 2.041
44 50 2.984
44 51 247.857
45 0 196.305
45 1 66
45 2 136.503
45 3 136.503
45 4 171.638
45 5 55.6
45 6 44.267
45 7 44.117
45 8 117.773
45 9 127.021
45 10 116.345
45 11 48.7
45 12 54.609
45 13 55.46
45 14 56.766
45 15 118.268
45 16 33.597
45 17 65.445
45 18 80.374
45 19 94.819
45 20 196.274
45 21 194.57
45 22 52.503
45 23 88.124
45 24 119
45 25 36.804
45 26 42.605
45 27 42.012
45 28 208.826
45 29 57.933
45 30 120.44
45 31 120.307
45 32 37.455
45 33 137.322
45 34 101.518
45 35 110.938
45 36 58.424
45 37 26.81
45 38 4.135
45 39 103.866
45 40 63.36
45 41 25.242
45 42 204.471
45 43 197.887
45 44 198.615
45 45 -1
45 46 0.553
45 47 212.309
45 48 196.488
45 49 197.928
45 50 197.676
45 51 56.251
46 0 196.231
46 1 70.432
46 2 136.429
46 3 136.429
46 4 171.564
46 5 60.032
46 6 48.699
46 7 48.549
46 8 117.699
46 9 126.947
46 10 116.271
46 11 53.132
46 12 59.041
46 13 55.386
46 14 61.198
46 15 118.194
46 16 38.029
46 17 69.877
46 18 80.3
46 19 94.745
46 20 196.2
46 21 194.496
46 22 56.935
46 23 88.05
46 24 118.926
46 25 41.236
46 26 47.037
46 27 46.444
46 28 208.752
46 29 57.859
46 30 120.366
46 31 120.233
46 32 41.887
46 33 137.248
46 34 101.444
46 35 110.864
46 36 58.35
46 37 27.321
46 38 4.061
46 39 103.792
46 40 63.286
46 41 25.753
46 42 204.397
46 43 197.813
46 44 198.541
46 45 0.51
46 46 -1
46 47 212.235
46 48 196.414
46 49 197.854
46 50 197.602
46 51 60.683
47 0 24.258
47 1 274.721
47 2 123.047
47 3 123.047
47 4 51.943
47 5 264.321
47 6 252.988
47 7 252.838
47 8 109.917
47 9 124.896
47 10 103.804
47 11 257.421
47 12 263.33
47 13 162.566
47 14 267.494
47 15 114.444
47 16 242.742
47 17 269.148
47 18 139.829
47 19 125.461
47 20 23.087
47 21 21.373
47 22 263.231
47 23 135.914
47 24 105.256
47 25 254.037
47 26 251.326
47 27 250.733
47 28 26.829
47 29 175.748
47 30 108.083
47 31 102.202
47 32 254.688
47 33 80.706
47 34 127.236
47 35 115.286
47 36 176.239
47 37 207.612
47 38 212.121
47 39 125.589
47 40 156.771
47 41 206.044
47 42 13.237
47 43 20.847
47 44 15.052
47 45 215.2
47 46 215.068
47 47 -1
47 48 19.208
47 49 15.043
47 50 20.019
47 51 -1
48 0 4.751
48 1 255.731
48 2 104.057
48 3 104.057
48 4 32.953
48 5 245.331
48 6 233.998
48 7 233.848
48 8 90.927
48 9 105.906
48 10 84.814
48 11 238.431
48 12 244.34
48 13 143.576
48 14 248.504
48 15 95.454
48 16 223.752
48 17 250.158
48 18 120.839
48 19 106.471
48 20 5.728
48 21 3.844
48 22 244.241
48 23 116.924
48 24 86.266
48 25 235.047
48 26 232.336
48 27 231.743
48 28 23.409
48 29 156.758
48 30 89.093
48 31 83.212
48 32 235.698
48 33 61.716
48 34 108.246
48 35 96.296
48 36 157.249
48 37 188.622
48 38 193.131
48 39 106.599
48 40 137.781
48 41 187.054
48 42 3.574
48 43 1.398
48 44 2.126
48 45 196.21
48 46 196.078
48 47 17.561
48 48 -1
48 49 3.736
48 50 2.154
48 51 245.982
49 0 4.057
49 1 258.163
49 2 106.489
49 3 106.489
49 4 35.385
49 5 247.763
49 6 236.43
49 7 236.28
49 8 93.359
49 9 108.338
49 10 87.246
49 11 240.863
49 12 246.772
49 13 146.008
49 14 250.936
49 15 97.886
49 16 226.184
49 17 252.59
49 18 123.271
49 19 108.903
49 20 3.432
49 21 8.098
49 22 246.673
49 23 119.356
49 24 88.698
49 25 237.479
49 26 234.768
49 27 234.175
49 28 13.654
49 29 159.19
49 30 91.525
49 31 85.644
49 32 238.13
49 33 64.148
49 34 110.678
49 35 98.728
49 36 159.681
49 37 191.054
49 38 195.563
49 39 109.031
49 40 140.213
49 41 189.486
49 42 2.537
49 43 3.36
49 44 2.747
49 45 198.642
49 46 198.51
49 47 14.187
49 48 6.045
49 49 -1
49 50 4.282
49 51 248.414
50 0 3.377
50 1 256.694
50 2 105.02
50 3 105.02
50 4 33.916
50 5 246.294
50 6 234.961
50 7 234.811
50 8 91.89
50 9 106.869
50 10 85.777
50 11 239.394
50 12 245.303
50 13 144.539
50 14 249.467
50 15 96.417
50 16 224.715
50 17 251.121
50 18 121.802
50 19 107.434
50 20 4.417
50 21 4.807
50 22 245.204
50 23 117.887
50 24 87.229
50 25 236.01
50 26 233.299
50 27 232.706
50 28 19.632
50 29 157.721
50 30 90.056
50 31 84.175
50 32 236.661
50 33 62.679
50 34 109.209
50 35 97.259
50 36 158.212
50 37 189.585
50 38 194.094
50 39 107.562
50 40 138.744
50 41 188.017
50 42 4.081
50 43 1.905
50 44 2.633
50 45 197.173
50 46 197.041
50 47 17.826
50 48 2.568
50 49 4.243
50 50 -1
50 51 246.945
51 0 234.688
51 1 28.67
51 2 174.886
51 3 174.886
51 4 210.021
51 5 18.27
51 6 20.501
51 7 18.132
51 8 156.156
51 9 165.404
51 10 154.728
51 11 5.709
51 12 29.526
51 13 93.843
51 14 9.726
51 15 156.651
51 16 28.436
51 17 8.406
51 18 118.757
51 19 133.202
51 20 234.657
51 21 232.953
51 22 13.571
51 23 126.507
51 24 157.383
51 25 5.089
51 26 9.858
51 27 8.359
51 28 247.209
51 29 96.316
51 30 158.823
51 31 158.69
51 32 4.497
51 33 175.705
51 34 139.901
51 35 149.321
51 36 96.807
51 37 65.325
51 38 43.856
51 39 142.249
51 40 101.743
51 41 65.821
51 42 242.854
51 43 236.27
51 44 236.998
51 45 42.605
51 46 46.803
51 47 -1
51 48 234.871
51 49 236.311
51 50 236.059
51 51 -1
;